1|1|1|7|0
1|1|2|7|1
1|1|3|7|2
1|1|4|7|3
1|1|5|7|4
1|1|6|7|5
1|1|7|7|6
2|2|1|5|0
2|2|2|5|1
2|2|3|5|2
2|2|4|5|3
2|2|5|5|4
3|2|6|11|0
3|2|7|11|1
3|2|8|11|2
3|2|9|11|3
3|2|10|11|4
3|2|11|11|5
3|2|12|11|6
3|2|13|11|7
3|2|14|11|8
3|2|15|11|9
3|2|16|11|10
4|2|17|8|0
4|2|18|8|1
4|2|19|8|2
4|2|20|8|3
4|2|21|8|4
4|2|22|8|5
4|2|23|8|6
4|2|24|8|7
5|2|25|5|0
5|2|26|5|1
5|2|27|5|2
5|2|28|5|3
5|2|29|5|4
6|2|30|8|0
6|2|31|8|1
6|2|32|8|2
6|2|33|8|3
6|2|34|8|4
6|2|35|8|5
6|2|36|8|6
6|2|37|8|7
7|2|38|11|0
7|2|39|11|1
7|2|40|11|2
7|2|41|11|3
7|2|42|11|4
7|2|43|11|5
7|2|44|11|6
7|2|45|11|7
7|2|46|11|8
7|2|47|11|9
7|2|48|11|10
8|2|49|9|0
8|2|50|9|1
8|2|51|9|2
8|2|52|9|3
8|2|53|9|4
8|2|54|9|5
8|2|55|9|6
8|2|56|9|7
8|2|57|9|8
9|2|58|4|0
9|2|59|4|1
9|2|60|4|2
9|2|61|4|3
10|2|62|8|0
10|2|63|8|1
10|2|64|8|2
10|2|65|8|3
10|2|66|8|4
10|2|67|8|5
10|2|68|8|6
10|2|69|8|7
11|2|70|7|0
11|2|71|7|1
11|2|72|7|2
11|2|73|7|3
11|2|74|7|4
11|2|75|7|5
11|2|76|7|6
12|2|77|7|0
12|2|78|7|1
12|2|79|7|2
12|2|80|7|3
12|2|81|7|4
12|2|82|7|5
12|2|83|7|6
13|2|84|5|0
13|2|85|5|1
13|2|86|5|2
13|2|87|5|3
13|2|88|5|4
14|2|89|5|0
14|2|90|5|1
14|2|91|5|2
14|2|92|5|3
14|2|93|5|4
15|2|94|8|0
15|2|95|8|1
15|2|96|8|2
15|2|97|8|3
15|2|98|8|4
15|2|99|8|5
15|2|100|8|6
15|2|101|8|7
16|2|102|4|0
16|2|103|4|1
16|2|104|4|2
16|2|105|4|3
17|2|106|7|0
17|2|107|7|1
17|2|108|7|2
17|2|109|7|3
17|2|110|7|4
17|2|111|7|5
17|2|112|7|6
18|2|113|7|0
18|2|114|7|1
18|2|115|7|2
18|2|116|7|3
18|2|117|7|4
18|2|118|7|5
18|2|119|7|6
19|2|120|7|0
19|2|121|7|1
19|2|122|7|2
19|2|123|7|3
19|2|124|7|4
19|2|125|7|5
19|2|126|7|6
20|2|127|8|0
20|2|128|8|1
20|2|129|8|2
20|2|130|8|3
20|2|131|8|4
20|2|132|8|5
20|2|133|8|6
20|2|134|8|7
21|2|135|7|0
21|2|136|7|1
21|2|137|7|2
21|2|138|7|3
21|2|139|7|4
21|2|140|7|5
21|2|141|7|6
22|2|142|4|0
22|2|143|4|1
22|2|144|4|2
22|2|145|4|3
23|2|146|8|0
23|2|147|8|1
23|2|148|8|2
23|2|149|8|3
23|2|150|8|4
23|2|151|8|5
23|2|152|8|6
23|2|153|8|7
24|2|154|10|0
24|2|155|10|1
24|2|156|10|2
24|2|157|10|3
24|2|158|10|4
24|2|159|10|5
24|2|160|10|6
24|2|161|10|7
24|2|162|10|8
24|2|163|10|9
25|2|164|6|0
25|2|165|6|1
25|2|166|6|2
25|2|167|6|3
25|2|168|6|4
25|2|169|6|5
26|2|170|7|0
26|2|171|7|1
26|2|172|7|2
26|2|173|7|3
26|2|174|7|4
26|2|175|7|5
26|2|176|7|6
27|2|177|5|0
27|2|178|5|1
27|2|179|5|2
27|2|180|5|3
27|2|181|5|4
28|2|182|5|0
28|2|183|5|1
28|2|184|5|2
28|2|185|5|3
28|2|186|5|4
29|2|187|4|0
29|2|188|4|1
29|2|189|4|2
29|2|190|4|3
30|2|191|6|0
30|2|192|6|1
30|2|193|6|2
30|2|194|6|3
30|2|195|6|4
30|2|196|6|5
31|2|197|6|0
31|2|198|6|1
31|2|199|6|2
31|2|200|6|3
31|2|201|6|4
31|2|202|6|5
32|2|203|8|0
32|2|204|8|1
32|2|205|8|2
32|2|206|8|3
32|2|207|8|4
32|2|208|8|5
32|2|209|8|6
32|2|210|8|7
33|2|211|5|0
33|2|212|5|1
33|2|213|5|2
33|2|214|5|3
33|2|215|5|4
34|2|216|4|0
34|2|217|4|1
34|2|218|4|2
34|2|219|4|3
35|2|220|5|0
35|2|221|5|1
35|2|222|5|2
35|2|223|5|3
35|2|224|5|4
36|2|225|6|0
36|2|226|6|1
36|2|227|6|2
36|2|228|6|3
36|2|229|6|4
36|2|230|6|5
37|2|231|3|0
37|2|232|3|1
37|2|233|3|2
38|2|234|4|0
38|2|235|4|1
38|2|236|4|2
38|2|237|4|3
39|2|238|8|0
39|2|239|8|1
39|2|240|8|2
39|2|241|8|3
39|2|242|8|4
39|2|243|8|5
39|2|244|8|6
39|2|245|8|7
40|2|246|3|0
40|2|247|3|1
40|2|248|3|2
41|2|249|4|0
41|2|250|4|1
41|2|251|4|2
41|2|252|4|3
42|2|253|4|0
42|2|254|4|1
42|2|255|4|2
42|2|256|4|3
43|2|257|3|0
43|2|258|3|1
43|2|259|3|2
44|2|260|5|0
44|2|261|5|1
44|2|262|5|2
44|2|263|5|3
44|2|264|5|4
45|2|265|5|0
45|2|266|5|1
45|2|267|5|2
45|2|268|5|3
45|2|269|5|4
46|2|270|5|0
46|2|271|5|1
46|2|272|5|2
46|2|273|5|3
46|2|274|5|4
47|2|275|7|0
47|2|276|7|1
47|2|277|7|2
47|2|278|7|3
47|2|279|7|4
47|2|280|7|5
47|2|281|7|6
48|2|282|1|0
49|2|283|4|0
49|2|284|4|1
49|2|285|4|2
49|2|286|4|3
50|3|1|9|0
50|3|2|9|1
50|3|3|9|2
50|3|4|9|3
50|3|5|9|4
50|3|6|9|5
50|3|7|9|6
50|3|8|9|7
50|3|9|9|8
51|3|10|6|0
51|3|11|6|1
51|3|12|6|2
51|3|13|6|3
51|3|14|6|4
51|3|15|6|5
52|3|16|7|0
52|3|17|7|1
52|3|18|7|2
52|3|19|7|3
52|3|20|7|4
52|3|21|7|5
52|3|22|7|6
53|3|23|7|0
53|3|24|7|1
53|3|25|7|2
53|3|26|7|3
53|3|27|7|4
53|3|28|7|5
53|3|29|7|6
54|3|30|8|0
54|3|31|8|1
54|3|32|8|2
54|3|33|8|3
54|3|34|8|4
54|3|35|8|5
54|3|36|8|6
54|3|37|8|7
55|3|38|8|0
55|3|39|8|1
55|3|40|8|2
55|3|41|8|3
55|3|42|8|4
55|3|43|8|5
55|3|44|8|6
55|3|45|8|7
56|3|46|7|0
56|3|47|7|1
56|3|48|7|2
56|3|49|7|3
56|3|50|7|4
56|3|51|7|5
56|3|52|7|6
57|3|53|9|0
57|3|54|9|1
57|3|55|9|2
57|3|56|9|3
57|3|57|9|4
57|3|58|9|5
57|3|59|9|6
57|3|60|9|7
57|3|61|9|8
58|3|62|9|0
58|3|63|9|1
58|3|64|9|2
58|3|65|9|3
58|3|66|9|4
58|3|67|9|5
58|3|68|9|6
58|3|69|9|7
58|3|70|9|8
59|3|71|7|0
59|3|72|7|1
59|3|73|7|2
59|3|74|7|3
59|3|75|7|4
59|3|76|7|5
59|3|77|7|6
60|3|78|6|0
60|3|79|6|1
60|3|80|6|2
60|3|81|6|3
60|3|82|6|4
60|3|83|6|5
61|3|84|8|0
61|3|85|8|1
61|3|86|8|2
61|3|87|8|3
61|3|88|8|4
61|3|89|8|5
61|3|90|8|6
61|3|91|8|7
62|3|92|9|0
62|3|93|9|1
62|3|94|9|2
62|3|95|9|3
62|3|96|9|4
62|3|97|9|5
62|3|98|9|6
62|3|99|9|7
62|3|100|9|8
63|3|101|8|0
63|3|102|8|1
63|3|103|8|2
63|3|104|8|3
63|3|105|8|4
63|3|106|8|5
63|3|107|8|6
63|3|108|8|7
64|3|109|7|0
64|3|110|7|1
64|3|111|7|2
64|3|112|7|3
64|3|113|7|4
64|3|114|7|5
64|3|115|7|6
65|3|116|6|0
65|3|117|6|1
65|3|118|6|2
65|3|119|6|3
65|3|120|6|4
65|3|121|6|5
66|3|122|11|0
66|3|123|11|1
66|3|124|11|2
66|3|125|11|3
66|3|126|11|4
66|3|127|11|5
66|3|128|11|6
66|3|129|11|7
66|3|130|11|8
66|3|131|11|9
66|3|132|11|10
67|3|133|8|0
67|3|134|8|1
67|3|135|8|2
67|3|136|8|3
67|3|137|8|4
67|3|138|8|5
67|3|139|8|6
67|3|140|8|7
68|3|141|8|0
68|3|142|8|1
68|3|143|8|2
68|3|144|8|3
68|3|145|8|4
68|3|146|8|5
68|3|147|8|6
68|3|148|8|7
69|3|149|5|0
69|3|150|5|1
69|3|151|5|2
69|3|152|5|3
69|3|153|5|4
70|3|154|4|0
70|3|155|4|1
70|3|156|4|2
70|3|157|4|3
71|3|158|8|0
71|3|159|8|1
71|3|160|8|2
71|3|161|8|3
71|3|162|8|4
71|3|163|8|5
71|3|164|8|6
71|3|165|8|7
72|3|166|8|0
72|3|167|8|1
72|3|168|8|2
72|3|169|8|3
72|3|170|8|4
72|3|171|8|5
72|3|172|8|6
72|3|173|8|7
73|3|174|7|0
73|3|175|7|1
73|3|176|7|2
73|3|177|7|3
73|3|178|7|4
73|3|179|7|5
73|3|180|7|6
74|3|181|6|0
74|3|182|6|1
74|3|183|6|2
74|3|184|6|3
74|3|185|6|4
74|3|186|6|5
75|3|187|8|0
75|3|188|8|1
75|3|189|8|2
75|3|190|8|3
75|3|191|8|4
75|3|192|8|5
75|3|193|8|6
75|3|194|8|7
76|3|195|6|0
76|3|196|6|1
76|3|197|6|2
76|3|198|6|3
76|3|199|6|4
76|3|200|6|5
77|4|1|6|0
77|4|2|6|1
77|4|3|6|2
77|4|4|6|3
77|4|5|6|4
77|4|6|6|5
78|4|7|5|0
78|4|8|5|1
78|4|9|5|2
78|4|10|5|3
78|4|11|5|4
79|4|12|3|0
79|4|13|3|1
79|4|14|3|2
80|4|15|5|0
80|4|16|5|1
80|4|17|5|2
80|4|18|5|3
80|4|19|5|4
81|4|20|4|0
81|4|21|4|1
81|4|22|4|2
81|4|23|4|3
82|4|24|3|0
82|4|25|3|1
82|4|26|3|2
83|4|27|7|0
83|4|28|7|1
83|4|29|7|2
83|4|30|7|3
83|4|31|7|4
83|4|32|7|5
83|4|33|7|6
84|4|34|4|0
84|4|35|4|1
84|4|36|4|2
84|4|37|4|3
85|4|38|7|0
85|4|39|7|1
85|4|40|7|2
85|4|41|7|3
85|4|42|7|4
85|4|43|7|5
85|4|44|7|6
86|4|45|7|0
86|4|46|7|1
86|4|47|7|2
86|4|48|7|3
86|4|49|7|4
86|4|50|7|5
86|4|51|7|6
87|4|52|8|0
87|4|53|8|1
87|4|54|8|2
87|4|55|8|3
87|4|56|8|4
87|4|57|8|5
87|4|58|8|6
87|4|59|8|7
88|4|60|6|0
88|4|61|6|1
88|4|62|6|2
88|4|63|6|3
88|4|64|6|4
88|4|65|6|5
89|4|66|9|0
89|4|67|9|1
89|4|68|9|2
89|4|69|9|3
89|4|70|9|4
89|4|71|9|5
89|4|72|9|6
89|4|73|9|7
89|4|74|9|8
90|4|75|5|0
90|4|76|5|1
90|4|77|5|2
90|4|78|5|3
90|4|79|5|4
91|4|80|7|0
91|4|81|7|1
91|4|82|7|2
91|4|83|7|3
91|4|84|7|4
91|4|85|7|5
91|4|86|7|6
92|4|87|5|0
92|4|88|5|1
92|4|89|5|2
92|4|90|5|3
92|4|91|5|4
93|4|92|3|0
93|4|93|3|1
93|4|94|3|2
94|4|95|7|0
94|4|96|7|1
94|4|97|7|2
94|4|98|7|3
94|4|99|7|4
94|4|100|7|5
94|4|101|7|6
95|4|102|4|0
95|4|103|4|1
95|4|104|4|2
95|4|105|4|3
96|4|106|8|0
96|4|107|8|1
96|4|108|8|2
96|4|109|8|3
96|4|110|8|4
96|4|111|8|5
96|4|112|8|6
96|4|113|8|7
97|4|114|8|0
97|4|115|8|1
97|4|116|8|2
97|4|117|8|3
97|4|118|8|4
97|4|119|8|5
97|4|120|8|6
97|4|121|8|7
98|4|122|6|0
98|4|123|6|1
98|4|124|6|2
98|4|125|6|3
98|4|126|6|4
98|4|127|6|5
99|4|128|7|0
99|4|129|7|1
99|4|130|7|2
99|4|131|7|3
99|4|132|7|4
99|4|133|7|5
99|4|134|7|6
100|4|135|6|0
100|4|136|6|1
100|4|137|6|2
100|4|138|6|3
100|4|139|6|4
100|4|140|6|5
101|4|141|7|0
101|4|142|7|1
101|4|143|7|2
101|4|144|7|3
101|4|145|7|4
101|4|146|7|5
101|4|147|7|6
102|4|148|7|0
102|4|149|7|1
102|4|150|7|2
102|4|151|7|3
102|4|152|7|4
102|4|153|7|5
102|4|154|7|6
103|4|155|8|0
103|4|156|8|1
103|4|157|8|2
103|4|158|8|3
103|4|159|8|4
103|4|160|8|5
103|4|161|8|6
103|4|162|8|7
104|4|163|8|0
104|4|164|8|1
104|4|165|8|2
104|4|166|8|3
104|4|167|8|4
104|4|168|8|5
104|4|169|8|6
104|4|170|8|7
105|4|171|5|0
105|4|172|5|1
105|4|173|5|2
105|4|174|5|3
105|4|175|5|4
106|4|176|1|0
106|5|1|2|0
106|5|2|2|1
107|5|3|3|0
107|5|4|3|1
107|5|5|3|2
108|5|6|4|0
108|5|7|4|1
108|5|8|4|2
108|5|9|4|3
109|5|10|4|0
109|5|11|4|1
109|5|12|4|2
109|5|13|4|3
110|5|14|4|0
110|5|15|4|1
110|5|16|4|2
110|5|17|4|3
111|5|18|6|0
111|5|19|6|1
111|5|20|6|2
111|5|21|6|3
111|5|22|6|4
111|5|23|6|5
112|5|24|8|0
112|5|25|8|1
112|5|26|8|2
112|5|27|8|3
112|5|28|8|4
112|5|29|8|5
112|5|30|8|6
112|5|31|8|7
113|5|32|5|0
113|5|33|5|1
113|5|34|5|2
113|5|35|5|3
113|5|36|5|4
114|5|37|5|0
114|5|38|5|1
114|5|39|5|2
114|5|40|5|3
114|5|41|5|4
115|5|42|4|0
115|5|43|4|1
115|5|44|4|2
115|5|45|4|3
116|5|46|5|0
116|5|47|5|1
116|5|48|5|2
116|5|49|5|3
116|5|50|5|4
117|5|51|7|0
117|5|52|7|1
117|5|53|7|2
117|5|54|7|3
117|5|55|7|4
117|5|56|7|5
117|5|57|7|6
118|5|58|7|0
118|5|59|7|1
118|5|60|7|2
118|5|61|7|3
118|5|62|7|4
118|5|63|7|5
118|5|64|7|6
119|5|65|6|0
119|5|66|6|1
119|5|67|6|2
119|5|68|6|3
119|5|69|6|4
119|5|70|6|5
120|5|71|6|0
120|5|72|6|1
120|5|73|6|2
120|5|74|6|3
120|5|75|6|4
120|5|76|6|5
121|5|77|6|0
121|5|78|6|1
121|5|79|6|2
121|5|80|6|3
121|5|81|6|4
121|5|82|6|5
122|5|83|7|0
122|5|84|7|1
122|5|85|7|2
122|5|86|7|3
122|5|87|7|4
122|5|88|7|5
122|5|89|7|6
123|5|90|6|0
123|5|91|6|1
123|5|92|6|2
123|5|93|6|3
123|5|94|6|4
123|5|95|6|5
124|5|96|8|0
124|5|97|8|1
124|5|98|8|2
124|5|99|8|3
124|5|100|8|4
124|5|101|8|5
124|5|102|8|6
124|5|103|8|7
125|5|104|5|0
125|5|105|5|1
125|5|106|5|2
125|5|107|5|3
125|5|108|5|4
126|5|109|5|0
126|5|110|5|1
126|5|111|5|2
126|5|112|5|3
126|5|113|5|4
127|5|114|7|0
127|5|115|7|1
127|5|116|7|2
127|5|117|7|3
127|5|118|7|4
127|5|119|7|5
127|5|120|7|6
128|6|1|8|0
128|6|2|8|1
128|6|3|8|2
128|6|4|8|3
128|6|5|8|4
128|6|6|8|5
128|6|7|8|6
128|6|8|8|7
129|6|9|10|0
129|6|10|10|1
129|6|11|10|2
129|6|12|10|3
129|6|13|10|4
129|6|14|10|5
129|6|15|10|6
129|6|16|10|7
129|6|17|10|8
129|6|18|10|9
130|6|19|9|0
130|6|20|9|1
130|6|21|9|2
130|6|22|9|3
130|6|23|9|4
130|6|24|9|5
130|6|25|9|6
130|6|26|9|7
130|6|27|9|8
131|6|28|8|0
131|6|29|8|1
131|6|30|8|2
131|6|31|8|3
131|6|32|8|4
131|6|33|8|5
131|6|34|8|6
131|6|35|8|7
132|6|36|9|0
132|6|37|9|1
132|6|38|9|2
132|6|39|9|3
132|6|40|9|4
132|6|41|9|5
132|6|42|9|6
132|6|43|9|7
132|6|44|9|8
133|6|45|8|0
133|6|46|8|1
133|6|47|8|2
133|6|48|8|3
133|6|49|8|4
133|6|50|8|5
133|6|51|8|6
133|6|52|8|7
134|6|53|7|0
134|6|54|7|1
134|6|55|7|2
134|6|56|7|3
134|6|57|7|4
134|6|58|7|5
134|6|59|7|6
135|6|60|9|0
135|6|61|9|1
135|6|62|9|2
135|6|63|9|3
135|6|64|9|4
135|6|65|9|5
135|6|66|9|6
135|6|67|9|7
135|6|68|9|8
136|6|69|5|0
136|6|70|5|1
136|6|71|5|2
136|6|72|5|3
136|6|73|5|4
137|6|74|8|0
137|6|75|8|1
137|6|76|8|2
137|6|77|8|3
137|6|78|8|4
137|6|79|8|5
137|6|80|8|6
137|6|81|8|7
138|6|82|9|0
138|6|83|9|1
138|6|84|9|2
138|6|85|9|3
138|6|86|9|4
138|6|87|9|5
138|6|88|9|6
138|6|89|9|7
138|6|90|9|8
139|6|91|4|0
139|6|92|4|1
139|6|93|4|2
139|6|94|4|3
140|6|95|7|0
140|6|96|7|1
140|6|97|7|2
140|6|98|7|3
140|6|99|7|4
140|6|100|7|5
140|6|101|7|6
141|6|102|9|0
141|6|103|9|1
141|6|104|9|2
141|6|105|9|3
141|6|106|9|4
141|6|107|9|5
141|6|108|9|6
141|6|109|9|7
141|6|110|9|8
142|6|111|8|0
142|6|112|8|1
142|6|113|8|2
142|6|114|8|3
142|6|115|8|4
142|6|116|8|5
142|6|117|8|6
142|6|118|8|7
143|6|119|6|0
143|6|120|6|1
143|6|121|6|2
143|6|122|6|3
143|6|123|6|4
143|6|124|6|5
144|6|125|7|0
144|6|126|7|1
144|6|127|7|2
144|6|128|7|3
144|6|129|7|4
144|6|130|7|5
144|6|131|7|6
145|6|132|6|0
145|6|133|6|1
145|6|134|6|2
145|6|135|6|3
145|6|136|6|4
145|6|137|6|5
146|6|138|5|0
146|6|139|5|1
146|6|140|5|2
146|6|141|5|3
146|6|142|5|4
147|6|143|4|0
147|6|144|4|1
147|6|145|4|2
147|6|146|4|3
148|6|147|5|0
148|6|148|5|1
148|6|149|5|2
148|6|150|5|3
148|6|151|5|4
149|6|152|6|0
149|6|153|6|1
149|6|154|6|2
149|6|155|6|3
149|6|156|6|4
149|6|157|6|5
150|6|158|8|0
150|6|159|8|1
150|6|160|8|2
150|6|161|8|3
150|6|162|8|4
150|6|163|8|5
150|6|164|8|6
150|6|165|8|7
151|7|1|11|0
151|7|2|11|1
151|7|3|11|2
151|7|4|11|3
151|7|5|11|4
151|7|6|11|5
151|7|7|11|6
151|7|8|11|7
151|7|9|11|8
151|7|10|11|9
151|7|11|11|10
152|7|12|11|0
152|7|13|11|1
152|7|14|11|2
152|7|15|11|3
152|7|16|11|4
152|7|17|11|5
152|7|18|11|6
152|7|19|11|7
152|7|20|11|8
152|7|21|11|9
152|7|22|11|10
153|7|23|8|0
153|7|24|8|1
153|7|25|8|2
153|7|26|8|3
153|7|27|8|4
153|7|28|8|5
153|7|29|8|6
153|7|30|8|7
154|7|31|7|0
154|7|32|7|1
154|7|33|7|2
154|7|34|7|3
154|7|35|7|4
154|7|36|7|5
154|7|37|7|6
155|7|38|6|0
155|7|39|6|1
155|7|40|6|2
155|7|41|6|3
155|7|42|6|4
155|7|43|6|5
156|7|44|8|0
156|7|45|8|1
156|7|46|8|2
156|7|47|8|3
156|7|48|8|4
156|7|49|8|5
156|7|50|8|6
156|7|51|8|7
157|7|52|6|0
157|7|53|6|1
157|7|54|6|2
157|7|55|6|3
157|7|56|6|4
157|7|57|6|5
158|7|58|10|0
158|7|59|10|1
158|7|60|10|2
158|7|61|10|3
158|7|62|10|4
158|7|63|10|5
158|7|64|10|6
158|7|65|10|7
158|7|66|10|8
158|7|67|10|9
159|7|68|6|0
159|7|69|6|1
159|7|70|6|2
159|7|71|6|3
159|7|72|6|4
159|7|73|6|5
160|7|74|8|0
160|7|75|8|1
160|7|76|8|2
160|7|77|8|3
160|7|78|8|4
160|7|79|8|5
160|7|80|8|6
160|7|81|8|7
161|7|82|6|0
161|7|83|6|1
161|7|84|6|2
161|7|85|6|3
161|7|86|6|4
161|7|87|6|5
162|7|88|8|0
162|7|89|8|1
162|7|90|8|2
162|7|91|8|3
162|7|92|8|4
162|7|93|8|5
162|7|94|8|6
162|7|95|8|7
163|7|96|9|0
163|7|97|9|1
163|7|98|9|2
163|7|99|9|3
163|7|100|9|4
163|7|101|9|5
163|7|102|9|6
163|7|103|9|7
163|7|104|9|8
164|7|105|16|0
164|7|106|16|1
164|7|107|16|2
164|7|108|16|3
164|7|109|16|4
164|7|110|16|5
164|7|111|16|6
164|7|112|16|7
164|7|113|16|8
164|7|114|16|9
164|7|115|16|10
164|7|116|16|11
164|7|117|16|12
164|7|118|16|13
164|7|119|16|14
164|7|120|16|15
165|7|121|10|0
165|7|122|10|1
165|7|123|10|2
165|7|124|10|3
165|7|125|10|4
165|7|126|10|5
165|7|127|10|6
165|7|128|10|7
165|7|129|10|8
165|7|130|10|9
166|7|131|7|0
166|7|132|7|1
166|7|133|7|2
166|7|134|7|3
166|7|135|7|4
166|7|136|7|5
166|7|137|7|6
167|7|138|6|0
167|7|139|6|1
167|7|140|6|2
167|7|141|6|3
167|7|142|6|4
167|7|143|6|5
168|7|144|6|0
168|7|145|6|1
168|7|146|6|2
168|7|147|6|3
168|7|148|6|4
168|7|149|6|5
169|7|150|6|0
169|7|151|6|1
169|7|152|6|2
169|7|153|6|3
169|7|154|6|4
169|7|155|6|5
170|7|156|4|0
170|7|157|4|1
170|7|158|4|2
170|7|159|4|3
171|7|160|4|0
171|7|161|4|1
171|7|162|4|2
171|7|163|4|3
172|7|164|7|0
172|7|165|7|1
172|7|166|7|2
172|7|167|7|3
172|7|168|7|4
172|7|169|7|5
172|7|170|7|6
173|7|171|8|0
173|7|172|8|1
173|7|173|8|2
173|7|174|8|3
173|7|175|8|4
173|7|176|8|5
173|7|177|8|6
173|7|178|8|7
174|7|179|9|0
174|7|180|9|1
174|7|181|9|2
174|7|182|9|3
174|7|183|9|4
174|7|184|9|5
174|7|185|9|6
174|7|186|9|7
174|7|187|9|8
175|7|188|8|0
175|7|189|8|1
175|7|190|8|2
175|7|191|8|3
175|7|192|8|4
175|7|193|8|5
175|7|194|8|6
175|7|195|8|7
176|7|196|11|0
176|7|197|11|1
176|7|198|11|2
176|7|199|11|3
176|7|200|11|4
176|7|201|11|5
176|7|202|11|6
176|7|203|11|7
176|7|204|11|8
176|7|205|11|9
176|7|206|11|10
177|8|1|8|0
177|8|2|8|1
177|8|3|8|2
177|8|4|8|3
177|8|5|8|4
177|8|6|8|5
177|8|7|8|6
177|8|8|8|7
178|8|9|8|0
178|8|10|8|1
178|8|11|8|2
178|8|12|8|3
178|8|13|8|4
178|8|14|8|5
178|8|15|8|6
178|8|16|8|7
179|8|17|9|0
179|8|18|9|1
179|8|19|9|2
179|8|20|9|3
179|8|21|9|4
179|8|22|9|5
179|8|23|9|6
179|8|24|9|7
179|8|25|9|8
180|8|26|8|0
180|8|27|8|1
180|8|28|8|2
180|8|29|8|3
180|8|30|8|4
180|8|31|8|5
180|8|32|8|6
180|8|33|8|7
181|8|34|7|0
181|8|35|7|1
181|8|36|7|2
181|8|37|7|3
181|8|38|7|4
181|8|39|7|5
181|8|40|7|6
182|8|41|5|0
182|8|42|5|1
182|8|43|5|2
182|8|44|5|3
182|8|45|5|4
183|8|46|7|0
183|8|47|7|1
183|8|48|7|2
183|8|49|7|3
183|8|50|7|4
183|8|51|7|5
183|8|52|7|6
184|8|53|9|0
184|8|54|9|1
184|8|55|9|2
184|8|56|9|3
184|8|57|9|4
184|8|58|9|5
184|8|59|9|6
184|8|60|9|7
184|8|61|9|8
185|8|62|8|0
185|8|63|8|1
185|8|64|8|2
185|8|65|8|3
185|8|66|8|4
185|8|67|8|5
185|8|68|8|6
185|8|69|8|7
186|8|70|6|0
186|8|71|6|1
186|8|72|6|2
186|8|73|6|3
186|8|74|6|4
186|8|75|6|5
187|9|1|6|0
187|9|2|6|1
187|9|3|6|2
187|9|4|6|3
187|9|5|6|4
187|9|6|6|5
188|9|7|7|0
188|9|8|7|1
188|9|9|7|2
188|9|10|7|3
188|9|11|7|4
188|9|12|7|5
188|9|13|7|6
189|9|14|7|0
189|9|15|7|1
189|9|16|7|2
189|9|17|7|3
189|9|18|7|4
189|9|19|7|5
189|9|20|7|6
190|9|21|6|0
190|9|22|6|1
190|9|23|6|2
190|9|24|6|3
190|9|25|6|4
190|9|26|6|5
191|9|27|5|0
191|9|28|5|1
191|9|29|5|2
191|9|30|5|3
191|9|31|5|4
192|9|32|5|0
192|9|33|5|1
192|9|34|5|2
192|9|35|5|3
192|9|36|5|4
193|9|37|4|0
193|9|38|4|1
193|9|39|4|2
193|9|40|4|3
194|9|41|7|0
194|9|42|7|1
194|9|43|7|2
194|9|44|7|3
194|9|45|7|4
194|9|46|7|5
194|9|47|7|6
195|9|48|7|0
195|9|49|7|1
195|9|50|7|2
195|9|51|7|3
195|9|52|7|4
195|9|53|7|5
195|9|54|7|6
196|9|55|7|0
196|9|56|7|1
196|9|57|7|2
196|9|58|7|3
196|9|59|7|4
196|9|60|7|5
196|9|61|7|6
197|9|62|7|0
197|9|63|7|1
197|9|64|7|2
197|9|65|7|3
197|9|66|7|4
197|9|67|7|5
197|9|68|7|6
198|9|69|4|0
198|9|70|4|1
198|9|71|4|2
198|9|72|4|3
199|9|73|7|0
199|9|74|7|1
199|9|75|7|2
199|9|76|7|3
199|9|77|7|4
199|9|78|7|5
199|9|79|7|6
200|9|80|7|0
200|9|81|7|1
200|9|82|7|2
200|9|83|7|3
200|9|84|7|4
200|9|85|7|5
200|9|86|7|6
201|9|87|7|0
201|9|88|7|1
201|9|89|7|2
201|9|90|7|3
201|9|91|7|4
201|9|92|7|5
201|9|93|7|6
202|9|94|6|0
202|9|95|6|1
202|9|96|6|2
202|9|97|6|3
202|9|98|6|4
202|9|99|6|5
203|9|100|7|0
203|9|101|7|1
203|9|102|7|2
203|9|103|7|3
203|9|104|7|4
203|9|105|7|5
203|9|106|7|6
204|9|107|5|0
204|9|108|5|1
204|9|109|5|2
204|9|110|5|3
204|9|111|5|4
205|9|112|6|0
205|9|113|6|1
205|9|114|6|2
205|9|115|6|3
205|9|116|6|4
205|9|117|6|5
206|9|118|5|0
206|9|119|5|1
206|9|120|5|2
206|9|121|5|3
206|9|122|5|4
207|9|123|7|0
207|9|124|7|1
207|9|125|7|2
207|9|126|7|3
207|9|127|7|4
207|9|128|7|5
207|9|129|7|6
208|10|1|6|0
208|10|2|6|1
208|10|3|6|2
208|10|4|6|3
208|10|5|6|4
208|10|6|6|5
209|10|7|8|0
209|10|8|8|1
209|10|9|8|2
209|10|10|8|3
209|10|11|8|4
209|10|12|8|5
209|10|13|8|6
209|10|14|8|7
210|10|15|6|0
210|10|16|6|1
210|10|17|6|2
210|10|18|6|3
210|10|19|6|4
210|10|20|6|5
211|10|21|5|0
211|10|22|5|1
211|10|23|5|2
211|10|24|5|3
211|10|25|5|4
212|10|26|8|0
212|10|27|8|1
212|10|28|8|2
212|10|29|8|3
212|10|30|8|4
212|10|31|8|5
212|10|32|8|6
212|10|33|8|7
213|10|34|9|0
213|10|35|9|1
213|10|36|9|2
213|10|37|9|3
213|10|38|9|4
213|10|39|9|5
213|10|40|9|6
213|10|41|9|7
213|10|42|9|8
214|10|43|11|0
214|10|44|11|1
214|10|45|11|2
214|10|46|11|3
214|10|47|11|4
214|10|48|11|5
214|10|49|11|6
214|10|50|11|7
214|10|51|11|8
214|10|52|11|9
214|10|53|11|10
215|10|54|8|0
215|10|55|8|1
215|10|56|8|2
215|10|57|8|3
215|10|58|8|4
215|10|59|8|5
215|10|60|8|6
215|10|61|8|7
216|10|62|9|0
216|10|63|9|1
216|10|64|9|2
216|10|65|9|3
216|10|66|9|4
216|10|67|9|5
216|10|68|9|6
216|10|69|9|7
216|10|70|9|8
217|10|71|8|0
217|10|72|8|1
217|10|73|8|2
217|10|74|8|3
217|10|75|8|4
217|10|76|8|5
217|10|77|8|6
217|10|78|8|7
218|10|79|10|0
218|10|80|10|1
218|10|81|10|2
218|10|82|10|3
218|10|83|10|4
218|10|84|10|5
218|10|85|10|6
218|10|86|10|7
218|10|87|10|8
218|10|88|10|9
219|10|89|9|0
219|10|90|9|1
219|10|91|9|2
219|10|92|9|3
219|10|93|9|4
219|10|94|9|5
219|10|95|9|6
219|10|96|9|7
219|10|97|9|8
220|10|98|9|0
220|10|99|9|1
220|10|100|9|2
220|10|101|9|3
220|10|102|9|4
220|10|103|9|5
220|10|104|9|6
220|10|105|9|7
220|10|106|9|8
221|10|107|3|0
221|10|108|3|1
221|10|109|3|2
221|11|1|5|0
221|11|2|5|1
221|11|3|5|2
221|11|4|5|3
221|11|5|5|4
222|11|6|7|0
222|11|7|7|1
222|11|8|7|2
222|11|9|7|3
222|11|10|7|4
222|11|11|7|5
222|11|12|7|6
223|11|13|7|0
223|11|14|7|1
223|11|15|7|2
223|11|16|7|3
223|11|17|7|4
223|11|18|7|5
223|11|19|7|6
224|11|20|9|0
224|11|21|9|1
224|11|22|9|2
224|11|23|9|3
224|11|24|9|4
224|11|25|9|5
224|11|26|9|6
224|11|27|9|7
224|11|28|9|8
225|11|29|9|0
225|11|30|9|1
225|11|31|9|2
225|11|32|9|3
225|11|33|9|4
225|11|34|9|5
225|11|35|9|6
225|11|36|9|7
225|11|37|9|8
226|11|38|8|0
226|11|39|8|1
226|11|40|8|2
226|11|41|8|3
226|11|42|8|4
226|11|43|8|5
226|11|44|8|6
226|11|45|8|7
227|11|46|8|0
227|11|47|8|1
227|11|48|8|2
227|11|49|8|3
227|11|50|8|4
227|11|51|8|5
227|11|52|8|6
227|11|53|8|7
228|11|54|9|0
228|11|55|9|1
228|11|56|9|2
228|11|57|9|3
228|11|58|9|4
228|11|59|9|5
228|11|60|9|6
228|11|61|9|7
228|11|62|9|8
229|11|63|9|0
229|11|64|9|1
229|11|65|9|2
229|11|66|9|3
229|11|67|9|4
229|11|68|9|5
229|11|69|9|6
229|11|70|9|7
229|11|71|9|8
230|11|72|10|0
230|11|73|10|1
230|11|74|10|2
230|11|75|10|3
230|11|76|10|4
230|11|77|10|5
230|11|78|10|6
230|11|79|10|7
230|11|80|10|8
230|11|81|10|9
231|11|82|7|0
231|11|83|7|1
231|11|84|7|2
231|11|85|7|3
231|11|86|7|4
231|11|87|7|5
231|11|88|7|6
232|11|89|9|0
232|11|90|9|1
232|11|91|9|2
232|11|92|9|3
232|11|93|9|4
232|11|94|9|5
232|11|95|9|6
232|11|96|9|7
232|11|97|9|8
233|11|98|11|0
233|11|99|11|1
233|11|100|11|2
233|11|101|11|3
233|11|102|11|4
233|11|103|11|5
233|11|104|11|6
233|11|105|11|7
233|11|106|11|8
233|11|107|11|9
233|11|108|11|10
234|11|109|9|0
234|11|110|9|1
234|11|111|9|2
234|11|112|9|3
234|11|113|9|4
234|11|114|9|5
234|11|115|9|6
234|11|116|9|7
234|11|117|9|8
235|11|118|6|0
235|11|119|6|1
235|11|120|6|2
235|11|121|6|3
235|11|122|6|4
235|11|123|6|5
235|12|1|4|0
235|12|2|4|1
235|12|3|4|2
235|12|4|4|3
236|12|5|10|0
236|12|6|10|1
236|12|7|10|2
236|12|8|10|3
236|12|9|10|4
236|12|10|10|5
236|12|11|10|6
236|12|12|10|7
236|12|13|10|8
236|12|14|10|9
237|12|15|8|0
237|12|16|8|1
237|12|17|8|2
237|12|18|8|3
237|12|19|8|4
237|12|20|8|5
237|12|21|8|6
237|12|22|8|7
238|12|23|8|0
238|12|24|8|1
238|12|25|8|2
238|12|26|8|3
238|12|27|8|4
238|12|28|8|5
238|12|29|8|6
238|12|30|8|7
239|12|31|7|0
239|12|32|7|1
239|12|33|7|2
239|12|34|7|3
239|12|35|7|4
239|12|36|7|5
239|12|37|7|6
240|12|38|6|0
240|12|39|6|1
240|12|40|6|2
240|12|41|6|3
240|12|42|6|4
240|12|43|6|5
241|12|44|9|0
241|12|45|9|1
241|12|46|9|2
241|12|47|9|3
241|12|48|9|4
241|12|49|9|5
241|12|50|9|6
241|12|51|9|7
241|12|52|9|8
242|12|53|11|0
242|12|54|11|1
242|12|55|11|2
242|12|56|11|3
242|12|57|11|4
242|12|58|11|5
242|12|59|11|6
242|12|60|11|7
242|12|61|11|8
242|12|62|11|9
242|12|63|11|10
243|12|64|6|0
243|12|65|6|1
243|12|66|6|2
243|12|67|6|3
243|12|68|6|4
243|12|69|6|5
244|12|70|9|0
244|12|71|9|1
244|12|72|9|2
244|12|73|9|3
244|12|74|9|4
244|12|75|9|5
244|12|76|9|6
244|12|77|9|7
244|12|78|9|8
245|12|79|8|0
245|12|80|8|1
245|12|81|8|2
245|12|82|8|3
245|12|83|8|4
245|12|84|8|5
245|12|85|8|6
245|12|86|8|7
246|12|87|9|0
246|12|88|9|1
246|12|89|9|2
246|12|90|9|3
246|12|91|9|4
246|12|92|9|5
246|12|93|9|6
246|12|94|9|7
246|12|95|9|8
247|12|96|8|0
247|12|97|8|1
247|12|98|8|2
247|12|99|8|3
247|12|100|8|4
247|12|101|8|5
247|12|102|8|6
247|12|103|8|7
248|12|104|8|0
248|12|105|8|1
248|12|106|8|2
248|12|107|8|3
248|12|108|8|4
248|12|109|8|5
248|12|110|8|6
248|12|111|8|7
249|13|1|5|0
249|13|2|5|1
249|13|3|5|2
249|13|4|5|3
249|13|5|5|4
250|13|6|8|0
250|13|7|8|1
250|13|8|8|2
250|13|9|8|3
250|13|10|8|4
250|13|11|8|5
250|13|12|8|6
250|13|13|8|7
251|13|14|5|0
251|13|15|5|1
251|13|16|5|2
251|13|17|5|3
251|13|18|5|4
252|13|19|10|0
252|13|20|10|1
252|13|21|10|2
252|13|22|10|3
252|13|23|10|4
252|13|24|10|5
252|13|25|10|6
252|13|26|10|7
252|13|27|10|8
252|13|28|10|9
253|13|29|6|0
253|13|30|6|1
253|13|31|6|2
253|13|32|6|3
253|13|33|6|4
253|13|34|6|5
254|13|35|8|0
254|13|36|8|1
254|13|37|8|2
254|13|38|8|3
254|13|39|8|4
254|13|40|8|5
254|13|41|8|6
254|13|42|8|7
255|13|43|1|0
255|14|1|5|0
255|14|2|5|1
255|14|3|5|2
255|14|4|5|3
255|14|5|5|4
256|14|6|5|0
256|14|7|5|1
256|14|8|5|2
256|14|9|5|3
256|14|10|5|4
257|14|11|8|0
257|14|12|8|1
257|14|13|8|2
257|14|14|8|3
257|14|15|8|4
257|14|16|8|5
257|14|17|8|6
257|14|18|8|7
258|14|19|6|0
258|14|20|6|1
258|14|21|6|2
258|14|22|6|3
258|14|23|6|4
258|14|24|6|5
259|14|25|9|0
259|14|26|9|1
259|14|27|9|2
259|14|28|9|3
259|14|29|9|4
259|14|30|9|5
259|14|31|9|6
259|14|32|9|7
259|14|33|9|8
260|14|34|9|0
260|14|35|9|1
260|14|36|9|2
260|14|37|9|3
260|14|38|9|4
260|14|39|9|5
260|14|40|9|6
260|14|41|9|7
260|14|42|9|8
261|14|43|10|0
261|14|44|10|1
261|14|45|10|2
261|14|46|10|3
261|14|47|10|4
261|14|48|10|5
261|14|49|10|6
261|14|50|10|7
261|14|51|10|8
261|14|52|10|9
262|15|1|15|0
262|15|2|15|1
262|15|3|15|2
262|15|4|15|3
262|15|5|15|4
262|15|6|15|5
262|15|7|15|6
262|15|8|15|7
262|15|9|15|8
262|15|10|15|9
262|15|11|15|10
262|15|12|15|11
262|15|13|15|12
262|15|14|15|13
262|15|15|15|14
263|15|16|16|0
263|15|17|16|1
263|15|18|16|2
263|15|19|16|3
263|15|20|16|4
263|15|21|16|5
263|15|22|16|6
263|15|23|16|7
263|15|24|16|8
263|15|25|16|9
263|15|26|16|10
263|15|27|16|11
263|15|28|16|12
263|15|29|16|13
263|15|30|16|14
263|15|31|16|15
264|15|32|20|0
264|15|33|20|1
264|15|34|20|2
264|15|35|20|3
264|15|36|20|4
264|15|37|20|5
264|15|38|20|6
264|15|39|20|7
264|15|40|20|8
264|15|41|20|9
264|15|42|20|10
264|15|43|20|11
264|15|44|20|12
264|15|45|20|13
264|15|46|20|14
264|15|47|20|15
264|15|48|20|16
264|15|49|20|17
264|15|50|20|18
264|15|51|20|19
265|15|52|19|0
265|15|53|19|1
265|15|54|19|2
265|15|55|19|3
265|15|56|19|4
265|15|57|19|5
265|15|58|19|6
265|15|59|19|7
265|15|60|19|8
265|15|61|19|9
265|15|62|19|10
265|15|63|19|11
265|15|64|19|12
265|15|65|19|13
265|15|66|19|14
265|15|67|19|15
265|15|68|19|16
265|15|69|19|17
265|15|70|19|18
266|15|71|20|0
266|15|72|20|1
266|15|73|20|2
266|15|74|20|3
266|15|75|20|4
266|15|76|20|5
266|15|77|20|6
266|15|78|20|7
266|15|79|20|8
266|15|80|20|9
266|15|81|20|10
266|15|82|20|11
266|15|83|20|12
266|15|84|20|13
266|15|85|20|14
266|15|86|20|15
266|15|87|20|16
266|15|88|20|17
266|15|89|20|18
266|15|90|20|19
267|15|91|9|0
267|15|92|9|1
267|15|93|9|2
267|15|94|9|3
267|15|95|9|4
267|15|96|9|5
267|15|97|9|6
267|15|98|9|7
267|15|99|9|8
267|16|1|6|0
267|16|2|6|1
267|16|3|6|2
267|16|4|6|3
267|16|5|6|4
267|16|6|6|5
268|16|7|8|0
268|16|8|8|1
268|16|9|8|2
268|16|10|8|3
268|16|11|8|4
268|16|12|8|5
268|16|13|8|6
268|16|14|8|7
269|16|15|12|0
269|16|16|12|1
269|16|17|12|2
269|16|18|12|3
269|16|19|12|4
269|16|20|12|5
269|16|21|12|6
269|16|22|12|7
269|16|23|12|8
269|16|24|12|9
269|16|25|12|10
269|16|26|12|11
270|16|27|8|0
270|16|28|8|1
270|16|29|8|2
270|16|30|8|3
270|16|31|8|4
270|16|32|8|5
270|16|33|8|6
270|16|34|8|7
271|16|35|8|0
271|16|36|8|1
271|16|37|8|2
271|16|38|8|3
271|16|39|8|4
271|16|40|8|5
271|16|41|8|6
271|16|42|8|7
272|16|43|12|0
272|16|44|12|1
272|16|45|12|2
272|16|46|12|3
272|16|47|12|4
272|16|48|12|5
272|16|49|12|6
272|16|50|12|7
272|16|51|12|8
272|16|52|12|9
272|16|53|12|10
272|16|54|12|11
273|16|55|10|0
273|16|56|10|1
273|16|57|10|2
273|16|58|10|3
273|16|59|10|4
273|16|60|10|5
273|16|61|10|6
273|16|62|10|7
273|16|63|10|8
273|16|64|10|9
274|16|65|8|0
274|16|66|8|1
274|16|67|8|2
274|16|68|8|3
274|16|69|8|4
274|16|70|8|5
274|16|71|8|6
274|16|72|8|7
275|16|73|7|0
275|16|74|7|1
275|16|75|7|2
275|16|76|7|3
275|16|77|7|4
275|16|78|7|5
275|16|79|7|6
276|16|80|8|0
276|16|81|8|1
276|16|82|8|2
276|16|83|8|3
276|16|84|8|4
276|16|85|8|5
276|16|86|8|6
276|16|87|8|7
277|16|88|6|0
277|16|89|6|1
277|16|90|6|2
277|16|91|6|3
277|16|92|6|4
277|16|93|6|5
278|16|94|9|0
278|16|95|9|1
278|16|96|9|2
278|16|97|9|3
278|16|98|9|4
278|16|99|9|5
278|16|100|9|6
278|16|101|9|7
278|16|102|9|8
279|16|103|8|0
279|16|104|8|1
279|16|105|8|2
279|16|106|8|3
279|16|107|8|4
279|16|108|8|5
279|16|109|8|6
279|16|110|8|7
280|16|111|8|0
280|16|112|8|1
280|16|113|8|2
280|16|114|8|3
280|16|115|8|4
280|16|116|8|5
280|16|117|8|6
280|16|118|8|7
281|16|119|10|0
281|16|120|10|1
281|16|121|10|2
281|16|122|10|3
281|16|123|10|4
281|16|124|10|5
281|16|125|10|6
281|16|126|10|7
281|16|127|10|8
281|16|128|10|9
282|17|1|7|0
282|17|2|7|1
282|17|3|7|2
282|17|4|7|3
282|17|5|7|4
282|17|6|7|5
282|17|7|7|6
283|17|8|10|0
283|17|9|10|1
283|17|10|10|2
283|17|11|10|3
283|17|12|10|4
283|17|13|10|5
283|17|14|10|6
283|17|15|10|7
283|17|16|10|8
283|17|17|10|9
284|17|18|10|0
284|17|19|10|1
284|17|20|10|2
284|17|21|10|3
284|17|22|10|4
284|17|23|10|5
284|17|24|10|6
284|17|25|10|7
284|17|26|10|8
284|17|27|10|9
285|17|28|11|0
285|17|29|11|1
285|17|30|11|2
285|17|31|11|3
285|17|32|11|4
285|17|33|11|5
285|17|34|11|6
285|17|35|11|7
285|17|36|11|8
285|17|37|11|9
285|17|38|11|10
286|17|39|11|0
286|17|40|11|1
286|17|41|11|2
286|17|42|11|3
286|17|43|11|4
286|17|44|11|5
286|17|45|11|6
286|17|46|11|7
286|17|47|11|8
286|17|48|11|9
286|17|49|11|10
287|17|50|9|0
287|17|51|9|1
287|17|52|9|2
287|17|53|9|3
287|17|54|9|4
287|17|55|9|5
287|17|56|9|6
287|17|57|9|7
287|17|58|9|8
288|17|59|8|0
288|17|60|8|1
288|17|61|8|2
288|17|62|8|3
288|17|63|8|4
288|17|64|8|5
288|17|65|8|6
288|17|66|8|7
289|17|67|9|0
289|17|68|9|1
289|17|69|9|2
289|17|70|9|3
289|17|71|9|4
289|17|72|9|5
289|17|73|9|6
289|17|74|9|7
289|17|75|9|8
290|17|76|11|0
290|17|77|11|1
290|17|78|11|2
290|17|79|11|3
290|17|80|11|4
290|17|81|11|5
290|17|82|11|6
290|17|83|11|7
290|17|84|11|8
290|17|85|11|9
290|17|86|11|10
291|17|87|10|0
291|17|88|10|1
291|17|89|10|2
291|17|90|10|3
291|17|91|10|4
291|17|92|10|5
291|17|93|10|6
291|17|94|10|7
291|17|95|10|8
291|17|96|10|9
292|17|97|8|0
292|17|98|8|1
292|17|99|8|2
292|17|100|8|3
292|17|101|8|4
292|17|102|8|5
292|17|103|8|6
292|17|104|8|7
293|17|105|7|0
293|17|106|7|1
293|17|107|7|2
293|17|108|7|3
293|17|109|7|4
293|17|110|7|5
293|17|111|7|6
293|18|1|4|0
293|18|2|4|1
293|18|3|4|2
293|18|4|4|3
294|18|5|11|0
294|18|6|11|1
294|18|7|11|2
294|18|8|11|3
294|18|9|11|4
294|18|10|11|5
294|18|11|11|6
294|18|12|11|7
294|18|13|11|8
294|18|14|11|9
294|18|15|11|10
295|18|16|5|0
295|18|17|5|1
295|18|18|5|2
295|18|19|5|3
295|18|20|5|4
296|18|21|7|0
296|18|22|7|1
296|18|23|7|2
296|18|24|7|3
296|18|25|7|4
296|18|26|7|5
296|18|27|7|6
297|18|28|7|0
297|18|29|7|1
297|18|30|7|2
297|18|31|7|3
297|18|32|7|4
297|18|33|7|5
297|18|34|7|6
298|18|35|11|0
298|18|36|11|1
298|18|37|11|2
298|18|38|11|3
298|18|39|11|4
298|18|40|11|5
298|18|41|11|6
298|18|42|11|7
298|18|43|11|8
298|18|44|11|9
298|18|45|11|10
299|18|46|8|0
299|18|47|8|1
299|18|48|8|2
299|18|49|8|3
299|18|50|8|4
299|18|51|8|5
299|18|52|8|6
299|18|53|8|7
300|18|54|8|0
300|18|55|8|1
300|18|56|8|2
300|18|57|8|3
300|18|58|8|4
300|18|59|8|5
300|18|60|8|6
300|18|61|8|7
301|18|62|13|0
301|18|63|13|1
301|18|64|13|2
301|18|65|13|3
301|18|66|13|4
301|18|67|13|5
301|18|68|13|6
301|18|69|13|7
301|18|70|13|8
301|18|71|13|9
301|18|72|13|10
301|18|73|13|11
301|18|74|13|12
302|18|75|9|0
302|18|76|9|1
302|18|77|9|2
302|18|78|9|3
302|18|79|9|4
302|18|80|9|5
302|18|81|9|6
302|18|82|9|7
302|18|83|9|8
303|18|84|14|0
303|18|85|14|1
303|18|86|14|2
303|18|87|14|3
303|18|88|14|4
303|18|89|14|5
303|18|90|14|6
303|18|91|14|7
303|18|92|14|8
303|18|93|14|9
303|18|94|14|10
303|18|95|14|11
303|18|96|14|12
303|18|97|14|13
304|18|98|13|0
304|18|99|13|1
304|18|100|13|2
304|18|101|13|3
304|18|102|13|4
304|18|103|13|5
304|18|104|13|6
304|18|105|13|7
304|18|106|13|8
304|18|107|13|9
304|18|108|13|10
304|18|109|13|11
304|18|110|13|12
305|19|1|11|0
305|19|2|11|1
305|19|3|11|2
305|19|4|11|3
305|19|5|11|4
305|19|6|11|5
305|19|7|11|6
305|19|8|11|7
305|19|9|11|8
305|19|10|11|9
305|19|11|11|10
306|19|12|14|0
306|19|13|14|1
306|19|14|14|2
306|19|15|14|3
306|19|16|14|4
306|19|17|14|5
306|19|18|14|6
306|19|19|14|7
306|19|20|14|8
306|19|21|14|9
306|19|22|14|10
306|19|23|14|11
306|19|24|14|12
306|19|25|14|13
307|19|26|13|0
307|19|27|13|1
307|19|28|13|2
307|19|29|13|3
307|19|30|13|4
307|19|31|13|5
307|19|32|13|6
307|19|33|13|7
307|19|34|13|8
307|19|35|13|9
307|19|36|13|10
307|19|37|13|11
307|19|38|13|12
308|19|39|13|0
308|19|40|13|1
308|19|41|13|2
308|19|42|13|3
308|19|43|13|4
308|19|44|13|5
308|19|45|13|6
308|19|46|13|7
308|19|47|13|8
308|19|48|13|9
308|19|49|13|10
308|19|50|13|11
308|19|51|13|12
309|19|52|13|0
309|19|53|13|1
309|19|54|13|2
309|19|55|13|3
309|19|56|13|4
309|19|57|13|5
309|19|58|13|6
309|19|59|13|7
309|19|60|13|8
309|19|61|13|9
309|19|62|13|10
309|19|63|13|11
309|19|64|13|12
310|19|65|12|0
310|19|66|12|1
310|19|67|12|2
310|19|68|12|3
310|19|69|12|4
310|19|70|12|5
310|19|71|12|6
310|19|72|12|7
310|19|73|12|8
310|19|74|12|9
310|19|75|12|10
310|19|76|12|11
311|19|77|19|0
311|19|78|19|1
311|19|79|19|2
311|19|80|19|3
311|19|81|19|4
311|19|82|19|5
311|19|83|19|6
311|19|84|19|7
311|19|85|19|8
311|19|86|19|9
311|19|87|19|10
311|19|88|19|11
311|19|89|19|12
311|19|90|19|13
311|19|91|19|14
311|19|92|19|15
311|19|93|19|16
311|19|94|19|17
311|19|95|19|18
312|19|96|3|0
312|19|97|3|1
312|19|98|3|2
312|20|1|12|0
312|20|2|12|1
312|20|3|12|2
312|20|4|12|3
312|20|5|12|4
312|20|6|12|5
312|20|7|12|6
312|20|8|12|7
312|20|9|12|8
312|20|10|12|9
312|20|11|12|10
312|20|12|12|11
313|20|13|25|0
313|20|14|25|1
313|20|15|25|2
313|20|16|25|3
313|20|17|25|4
313|20|18|25|5
313|20|19|25|6
313|20|20|25|7
313|20|21|25|8
313|20|22|25|9
313|20|23|25|10
313|20|24|25|11
313|20|25|25|12
313|20|26|25|13
313|20|27|25|14
313|20|28|25|15
313|20|29|25|16
313|20|30|25|17
313|20|31|25|18
313|20|32|25|19
313|20|33|25|20
313|20|34|25|21
313|20|35|25|22
313|20|36|25|23
313|20|37|25|24
314|20|38|14|0
314|20|39|14|1
314|20|40|14|2
314|20|41|14|3
314|20|42|14|4
314|20|43|14|5
314|20|44|14|6
314|20|45|14|7
314|20|46|14|8
314|20|47|14|9
314|20|48|14|10
314|20|49|14|11
314|20|50|14|12
314|20|51|14|13
315|20|52|13|0
315|20|53|13|1
315|20|54|13|2
315|20|55|13|3
315|20|56|13|4
315|20|57|13|5
315|20|58|13|6
315|20|59|13|7
315|20|60|13|8
315|20|61|13|9
315|20|62|13|10
315|20|63|13|11
315|20|64|13|12
316|20|65|12|0
316|20|66|12|1
316|20|67|12|2
316|20|68|12|3
316|20|69|12|4
316|20|70|12|5
316|20|71|12|6
316|20|72|12|7
316|20|73|12|8
316|20|74|12|9
316|20|75|12|10
316|20|76|12|11
317|20|77|11|0
317|20|78|11|1
317|20|79|11|2
317|20|80|11|3
317|20|81|11|4
317|20|82|11|5
317|20|83|11|6
317|20|84|11|7
317|20|85|11|8
317|20|86|11|9
317|20|87|11|10
318|20|88|11|0
318|20|89|11|1
318|20|90|11|2
318|20|91|11|3
318|20|92|11|4
318|20|93|11|5
318|20|94|11|6
318|20|95|11|7
318|20|96|11|8
318|20|97|11|9
318|20|98|11|10
319|20|99|15|0
319|20|100|15|1
319|20|101|15|2
319|20|102|15|3
319|20|103|15|4
319|20|104|15|5
319|20|105|15|6
319|20|106|15|7
319|20|107|15|8
319|20|108|15|9
319|20|109|15|10
319|20|110|15|11
319|20|111|15|12
319|20|112|15|13
319|20|113|15|14
320|20|114|12|0
320|20|115|12|1
320|20|116|12|2
320|20|117|12|3
320|20|118|12|4
320|20|119|12|5
320|20|120|12|6
320|20|121|12|7
320|20|122|12|8
320|20|123|12|9
320|20|124|12|10
320|20|125|12|11
321|20|126|10|0
321|20|127|10|1
321|20|128|10|2
321|20|129|10|3
321|20|130|10|4
321|20|131|10|5
321|20|132|10|6
321|20|133|10|7
321|20|134|10|8
321|20|135|10|9
322|21|1|10|0
322|21|2|10|1
322|21|3|10|2
322|21|4|10|3
322|21|5|10|4
322|21|6|10|5
322|21|7|10|6
322|21|8|10|7
322|21|9|10|8
322|21|10|10|9
323|21|11|14|0
323|21|12|14|1
323|21|13|14|2
323|21|14|14|3
323|21|15|14|4
323|21|16|14|5
323|21|17|14|6
323|21|18|14|7
323|21|19|14|8
323|21|20|14|9
323|21|21|14|10
323|21|22|14|11
323|21|23|14|12
323|21|24|14|13
324|21|25|11|0
324|21|26|11|1
324|21|27|11|2
324|21|28|11|3
324|21|29|11|4
324|21|30|11|5
324|21|31|11|6
324|21|32|11|7
324|21|33|11|8
324|21|34|11|9
324|21|35|11|10
325|21|36|9|0
325|21|37|9|1
325|21|38|9|2
325|21|39|9|3
325|21|40|9|4
325|21|41|9|5
325|21|42|9|6
325|21|43|9|7
325|21|44|9|8
326|21|45|13|0
326|21|46|13|1
326|21|47|13|2
326|21|48|13|3
326|21|49|13|4
326|21|50|13|5
326|21|51|13|6
326|21|52|13|7
326|21|53|13|8
326|21|54|13|9
326|21|55|13|10
326|21|56|13|11
326|21|57|13|12
327|21|58|15|0
327|21|59|15|1
327|21|60|15|2
327|21|61|15|3
327|21|62|15|4
327|21|63|15|5
327|21|64|15|6
327|21|65|15|7
327|21|66|15|8
327|21|67|15|9
327|21|68|15|10
327|21|69|15|11
327|21|70|15|12
327|21|71|15|13
327|21|72|15|14
328|21|73|9|0
328|21|74|9|1
328|21|75|9|2
328|21|76|9|3
328|21|77|9|4
328|21|78|9|5
328|21|79|9|6
328|21|80|9|7
328|21|81|9|8
329|21|82|9|0
329|21|83|9|1
329|21|84|9|2
329|21|85|9|3
329|21|86|9|4
329|21|87|9|5
329|21|88|9|6
329|21|89|9|7
329|21|90|9|8
330|21|91|11|0
330|21|92|11|1
330|21|93|11|2
330|21|94|11|3
330|21|95|11|4
330|21|96|11|5
330|21|97|11|6
330|21|98|11|7
330|21|99|11|8
330|21|100|11|9
330|21|101|11|10
331|21|102|11|0
331|21|103|11|1
331|21|104|11|2
331|21|105|11|3
331|21|106|11|4
331|21|107|11|5
331|21|108|11|6
331|21|109|11|7
331|21|110|11|8
331|21|111|11|9
331|21|112|11|10
332|22|1|5|0
332|22|2|5|1
332|22|3|5|2
332|22|4|5|3
332|22|5|5|4
333|22|6|10|0
333|22|7|10|1
333|22|8|10|2
333|22|9|10|3
333|22|10|10|4
333|22|11|10|5
333|22|12|10|6
333|22|13|10|7
333|22|14|10|8
333|22|15|10|9
334|22|16|8|0
334|22|17|8|1
334|22|18|8|2
334|22|19|8|3
334|22|20|8|4
334|22|21|8|5
334|22|22|8|6
334|22|23|8|7
335|22|24|7|0
335|22|25|7|1
335|22|26|7|2
335|22|27|7|3
335|22|28|7|4
335|22|29|7|5
335|22|30|7|6
336|22|31|8|0
336|22|32|8|1
336|22|33|8|2
336|22|34|8|3
336|22|35|8|4
336|22|36|8|5
336|22|37|8|6
336|22|38|8|7
337|22|39|8|0
337|22|40|8|1
337|22|41|8|2
337|22|42|8|3
337|22|43|8|4
337|22|44|8|5
337|22|45|8|6
337|22|46|8|7
338|22|47|9|0
338|22|48|9|1
338|22|49|9|2
338|22|50|9|3
338|22|51|9|4
338|22|52|9|5
338|22|53|9|6
338|22|54|9|7
338|22|55|9|8
339|22|56|9|0
339|22|57|9|1
339|22|58|9|2
339|22|59|9|3
339|22|60|9|4
339|22|61|9|5
339|22|62|9|6
339|22|63|9|7
339|22|64|9|8
340|22|65|8|0
340|22|66|8|1
340|22|67|8|2
340|22|68|8|3
340|22|69|8|4
340|22|70|8|5
340|22|71|8|6
340|22|72|8|7
341|22|73|6|0
341|22|74|6|1
341|22|75|6|2
341|22|76|6|3
341|22|77|6|4
341|22|78|6|5
342|23|1|17|0
342|23|2|17|1
342|23|3|17|2
342|23|4|17|3
342|23|5|17|4
342|23|6|17|5
342|23|7|17|6
342|23|8|17|7
342|23|9|17|8
342|23|10|17|9
342|23|11|17|10
342|23|12|17|11
342|23|13|17|12
342|23|14|17|13
342|23|15|17|14
342|23|16|17|15
342|23|17|17|16
343|23|18|10|0
343|23|19|10|1
343|23|20|10|2
343|23|21|10|3
343|23|22|10|4
343|23|23|10|5
343|23|24|10|6
343|23|25|10|7
343|23|26|10|8
343|23|27|10|9
344|23|28|15|0
344|23|29|15|1
344|23|30|15|2
344|23|31|15|3
344|23|32|15|4
344|23|33|15|5
344|23|34|15|6
344|23|35|15|7
344|23|36|15|8
344|23|37|15|9
344|23|38|15|10
344|23|39|15|11
344|23|40|15|12
344|23|41|15|13
344|23|42|15|14
345|23|43|17|0
345|23|44|17|1
345|23|45|17|2
345|23|46|17|3
345|23|47|17|4
345|23|48|17|5
345|23|49|17|6
345|23|50|17|7
345|23|51|17|8
345|23|52|17|9
345|23|53|17|10
345|23|54|17|11
345|23|55|17|12
345|23|56|17|13
345|23|57|17|14
345|23|58|17|15
345|23|59|17|16
346|23|60|15|0
346|23|61|15|1
346|23|62|15|2
346|23|63|15|3
346|23|64|15|4
346|23|65|15|5
346|23|66|15|6
346|23|67|15|7
346|23|68|15|8
346|23|69|15|9
346|23|70|15|10
346|23|71|15|11
346|23|72|15|12
346|23|73|15|13
346|23|74|15|14
347|23|75|15|0
347|23|76|15|1
347|23|77|15|2
347|23|78|15|3
347|23|79|15|4
347|23|80|15|5
347|23|81|15|6
347|23|82|15|7
347|23|83|15|8
347|23|84|15|9
347|23|85|15|10
347|23|86|15|11
347|23|87|15|12
347|23|88|15|13
347|23|89|15|14
348|23|90|15|0
348|23|91|15|1
348|23|92|15|2
348|23|93|15|3
348|23|94|15|4
348|23|95|15|5
348|23|96|15|6
348|23|97|15|7
348|23|98|15|8
348|23|99|15|9
348|23|100|15|10
348|23|101|15|11
348|23|102|15|12
348|23|103|15|13
348|23|104|15|14
349|23|105|14|0
349|23|106|14|1
349|23|107|14|2
349|23|108|14|3
349|23|109|14|4
349|23|110|14|5
349|23|111|14|6
349|23|112|14|7
349|23|113|14|8
349|23|114|14|9
349|23|115|14|10
349|23|116|14|11
349|23|117|14|12
349|23|118|14|13
350|24|1|10|0
350|24|2|10|1
350|24|3|10|2
350|24|4|10|3
350|24|5|10|4
350|24|6|10|5
350|24|7|10|6
350|24|8|10|7
350|24|9|10|8
350|24|10|10|9
351|24|11|10|0
351|24|12|10|1
351|24|13|10|2
351|24|14|10|3
351|24|15|10|4
351|24|16|10|5
351|24|17|10|6
351|24|18|10|7
351|24|19|10|8
351|24|20|10|9
352|24|21|7|0
352|24|22|7|1
352|24|23|7|2
352|24|24|7|3
352|24|25|7|4
352|24|26|7|5
352|24|27|7|6
353|24|28|4|0
353|24|29|4|1
353|24|30|4|2
353|24|31|4|3
354|24|32|5|0
354|24|33|5|1
354|24|34|5|2
354|24|35|5|3
354|24|36|5|4
355|24|37|7|0
355|24|38|7|1
355|24|39|7|2
355|24|40|7|3
355|24|41|7|4
355|24|42|7|5
355|24|43|7|6
356|24|44|10|0
356|24|45|10|1
356|24|46|10|2
356|24|47|10|3
356|24|48|10|4
356|24|49|10|5
356|24|50|10|6
356|24|51|10|7
356|24|52|10|8
356|24|53|10|9
357|24|54|5|0
357|24|55|5|1
357|24|56|5|2
357|24|57|5|3
357|24|58|5|4
358|24|59|3|0
358|24|60|3|1
358|24|61|3|2
359|24|62|3|0
359|24|63|3|1
359|24|64|3|2
359|25|1|2|0
359|25|2|2|1
360|25|3|9|0
360|25|4|9|1
360|25|5|9|2
360|25|6|9|3
360|25|7|9|4
360|25|8|9|5
360|25|9|9|6
360|25|10|9|7
360|25|11|9|8
361|25|12|9|0
361|25|13|9|1
361|25|14|9|2
361|25|15|9|3
361|25|16|9|4
361|25|17|9|5
361|25|18|9|6
361|25|19|9|7
361|25|20|9|8
362|25|21|12|0
362|25|22|12|1
362|25|23|12|2
362|25|24|12|3
362|25|25|12|4
362|25|26|12|5
362|25|27|12|6
362|25|28|12|7
362|25|29|12|8
362|25|30|12|9
362|25|31|12|10
362|25|32|12|11
363|25|33|11|0
363|25|34|11|1
363|25|35|11|2
363|25|36|11|3
363|25|37|11|4
363|25|38|11|5
363|25|39|11|6
363|25|40|11|7
363|25|41|11|8
363|25|42|11|9
363|25|43|11|10
364|25|44|12|0
364|25|45|12|1
364|25|46|12|2
364|25|47|12|3
364|25|48|12|4
364|25|49|12|5
364|25|50|12|6
364|25|51|12|7
364|25|52|12|8
364|25|53|12|9
364|25|54|12|10
364|25|55|12|11
365|25|56|12|0
365|25|57|12|1
365|25|58|12|2
365|25|59|12|3
365|25|60|12|4
365|25|61|12|5
365|25|62|12|6
365|25|63|12|7
365|25|64|12|8
365|25|65|12|9
365|25|66|12|10
365|25|67|12|11
366|25|68|10|0
366|25|69|10|1
366|25|70|10|2
366|25|71|10|3
366|25|72|10|4
366|25|73|10|5
366|25|74|10|6
366|25|75|10|7
366|25|76|10|8
366|25|77|10|9
367|26|1|19|0
367|26|2|19|1
367|26|3|19|2
367|26|4|19|3
367|26|5|19|4
367|26|6|19|5
367|26|7|19|6
367|26|8|19|7
367|26|9|19|8
367|26|10|19|9
367|26|11|19|10
367|26|12|19|11
367|26|13|19|12
367|26|14|19|13
367|26|15|19|14
367|26|16|19|15
367|26|17|19|16
367|26|18|19|17
367|26|19|19|18
368|26|20|20|0
368|26|21|20|1
368|26|22|20|2
368|26|23|20|3
368|26|24|20|4
368|26|25|20|5
368|26|26|20|6
368|26|27|20|7
368|26|28|20|8
368|26|29|20|9
368|26|30|20|10
368|26|31|20|11
368|26|32|20|12
368|26|33|20|13
368|26|34|20|14
368|26|35|20|15
368|26|36|20|16
368|26|37|20|17
368|26|38|20|18
368|26|39|20|19
369|26|40|21|0
369|26|41|21|1
369|26|42|21|2
369|26|43|21|3
369|26|44|21|4
369|26|45|21|5
369|26|46|21|6
369|26|47|21|7
369|26|48|21|8
369|26|49|21|9
369|26|50|21|10
369|26|51|21|11
369|26|52|21|12
369|26|53|21|13
369|26|54|21|14
369|26|55|21|15
369|26|56|21|16
369|26|57|21|17
369|26|58|21|18
369|26|59|21|19
369|26|60|21|20
370|26|61|23|0
370|26|62|23|1
370|26|63|23|2
370|26|64|23|3
370|26|65|23|4
370|26|66|23|5
370|26|67|23|6
370|26|68|23|7
370|26|69|23|8
370|26|70|23|9
370|26|71|23|10
370|26|72|23|11
370|26|73|23|12
370|26|74|23|13
370|26|75|23|14
370|26|76|23|15
370|26|77|23|16
370|26|78|23|17
370|26|79|23|18
370|26|80|23|19
370|26|81|23|20
370|26|82|23|21
370|26|83|23|22
371|26|84|28|0
371|26|85|28|1
371|26|86|28|2
371|26|87|28|3
371|26|88|28|4
371|26|89|28|5
371|26|90|28|6
371|26|91|28|7
371|26|92|28|8
371|26|93|28|9
371|26|94|28|10
371|26|95|28|11
371|26|96|28|12
371|26|97|28|13
371|26|98|28|14
371|26|99|28|15
371|26|100|28|16
371|26|101|28|17
371|26|102|28|18
371|26|103|28|19
371|26|104|28|20
371|26|105|28|21
371|26|106|28|22
371|26|107|28|23
371|26|108|28|24
371|26|109|28|25
371|26|110|28|26
371|26|111|28|27
372|26|112|25|0
372|26|113|25|1
372|26|114|25|2
372|26|115|25|3
372|26|116|25|4
372|26|117|25|5
372|26|118|25|6
372|26|119|25|7
372|26|120|25|8
372|26|121|25|9
372|26|122|25|10
372|26|123|25|11
372|26|124|25|12
372|26|125|25|13
372|26|126|25|14
372|26|127|25|15
372|26|128|25|16
372|26|129|25|17
372|26|130|25|18
372|26|131|25|19
372|26|132|25|20
372|26|133|25|21
372|26|134|25|22
372|26|135|25|23
372|26|136|25|24
373|26|137|23|0
373|26|138|23|1
373|26|139|23|2
373|26|140|23|3
373|26|141|23|4
373|26|142|23|5
373|26|143|23|6
373|26|144|23|7
373|26|145|23|8
373|26|146|23|9
373|26|147|23|10
373|26|148|23|11
373|26|149|23|12
373|26|150|23|13
373|26|151|23|14
373|26|152|23|15
373|26|153|23|16
373|26|154|23|17
373|26|155|23|18
373|26|156|23|19
373|26|157|23|20
373|26|158|23|21
373|26|159|23|22
374|26|160|24|0
374|26|161|24|1
374|26|162|24|2
374|26|163|24|3
374|26|164|24|4
374|26|165|24|5
374|26|166|24|6
374|26|167|24|7
374|26|168|24|8
374|26|169|24|9
374|26|170|24|10
374|26|171|24|11
374|26|172|24|12
374|26|173|24|13
374|26|174|24|14
374|26|175|24|15
374|26|176|24|16
374|26|177|24|17
374|26|178|24|18
374|26|179|24|19
374|26|180|24|20
374|26|181|24|21
374|26|182|24|22
374|26|183|24|23
375|26|184|23|0
375|26|185|23|1
375|26|186|23|2
375|26|187|23|3
375|26|188|23|4
375|26|189|23|5
375|26|190|23|6
375|26|191|23|7
375|26|192|23|8
375|26|193|23|9
375|26|194|23|10
375|26|195|23|11
375|26|196|23|12
375|26|197|23|13
375|26|198|23|14
375|26|199|23|15
375|26|200|23|16
375|26|201|23|17
375|26|202|23|18
375|26|203|23|19
375|26|204|23|20
375|26|205|23|21
375|26|206|23|22
376|26|207|21|0
376|26|208|21|1
376|26|209|21|2
376|26|210|21|3
376|26|211|21|4
376|26|212|21|5
376|26|213|21|6
376|26|214|21|7
376|26|215|21|8
376|26|216|21|9
376|26|217|21|10
376|26|218|21|11
376|26|219|21|12
376|26|220|21|13
376|26|221|21|14
376|26|222|21|15
376|26|223|21|16
376|26|224|21|17
376|26|225|21|18
376|26|226|21|19
376|26|227|21|20
377|27|1|13|0
377|27|2|13|1
377|27|3|13|2
377|27|4|13|3
377|27|5|13|4
377|27|6|13|5
377|27|7|13|6
377|27|8|13|7
377|27|9|13|8
377|27|10|13|9
377|27|11|13|10
377|27|12|13|11
377|27|13|13|12
378|27|14|9|0
378|27|15|9|1
378|27|16|9|2
378|27|17|9|3
378|27|18|9|4
378|27|19|9|5
378|27|20|9|6
378|27|21|9|7
378|27|22|9|8
379|27|23|13|0
379|27|24|13|1
379|27|25|13|2
379|27|26|13|3
379|27|27|13|4
379|27|28|13|5
379|27|29|13|6
379|27|30|13|7
379|27|31|13|8
379|27|32|13|9
379|27|33|13|10
379|27|34|13|11
379|27|35|13|12
380|27|36|9|0
380|27|37|9|1
380|27|38|9|2
380|27|39|9|3
380|27|40|9|4
380|27|41|9|5
380|27|42|9|6
380|27|43|9|7
380|27|44|9|8
381|27|45|11|0
381|27|46|11|1
381|27|47|11|2
381|27|48|11|3
381|27|49|11|4
381|27|50|11|5
381|27|51|11|6
381|27|52|11|7
381|27|53|11|8
381|27|54|11|9
381|27|55|11|10
382|27|56|8|0
382|27|57|8|1
382|27|58|8|2
382|27|59|8|3
382|27|60|8|4
382|27|61|8|5
382|27|62|8|6
382|27|63|8|7
383|27|64|13|0
383|27|65|13|1
383|27|66|13|2
383|27|67|13|3
383|27|68|13|4
383|27|69|13|5
383|27|70|13|6
383|27|71|13|7
383|27|72|13|8
383|27|73|13|9
383|27|74|13|10
383|27|75|13|11
383|27|76|13|12
384|27|77|12|0
384|27|78|12|1
384|27|79|12|2
384|27|80|12|3
384|27|81|12|4
384|27|82|12|5
384|27|83|12|6
384|27|84|12|7
384|27|85|12|8
384|27|86|12|9
384|27|87|12|10
384|27|88|12|11
385|27|89|5|0
385|27|90|5|1
385|27|91|5|2
385|27|92|5|3
385|27|93|5|4
385|28|1|5|0
385|28|2|5|1
385|28|3|5|2
385|28|4|5|3
385|28|5|5|4
386|28|6|8|0
386|28|7|8|1
386|28|8|8|2
386|28|9|8|3
386|28|10|8|4
386|28|11|8|5
386|28|12|8|6
386|28|13|8|7
387|28|14|8|0
387|28|15|8|1
387|28|16|8|2
387|28|17|8|3
387|28|18|8|4
387|28|19|8|5
387|28|20|8|6
387|28|21|8|7
388|28|22|7|0
388|28|23|7|1
388|28|24|7|2
388|28|25|7|3
388|28|26|7|4
388|28|27|7|5
388|28|28|7|6
389|28|29|7|0
389|28|30|7|1
389|28|31|7|2
389|28|32|7|3
389|28|33|7|4
389|28|34|7|5
389|28|35|7|6
390|28|36|8|0
390|28|37|8|1
390|28|38|8|2
390|28|39|8|3
390|28|40|8|4
390|28|41|8|5
390|28|42|8|6
390|28|43|8|7
391|28|44|7|0
391|28|45|7|1
391|28|46|7|2
391|28|47|7|3
391|28|48|7|4
391|28|49|7|5
391|28|50|7|6
392|28|51|9|0
392|28|52|9|1
392|28|53|9|2
392|28|54|9|3
392|28|55|9|4
392|28|56|9|5
392|28|57|9|6
392|28|58|9|7
392|28|59|9|8
393|28|60|11|0
393|28|61|11|1
393|28|62|11|2
393|28|63|11|3
393|28|64|11|4
393|28|65|11|5
393|28|66|11|6
393|28|67|11|7
393|28|68|11|8
393|28|69|11|9
393|28|70|11|10
394|28|71|7|0
394|28|72|7|1
394|28|73|7|2
394|28|74|7|3
394|28|75|7|4
394|28|76|7|5
394|28|77|7|6
395|28|78|7|0
395|28|79|7|1
395|28|80|7|2
395|28|81|7|3
395|28|82|7|4
395|28|83|7|5
395|28|84|7|6
396|28|85|4|0
396|28|86|4|1
396|28|87|4|2
396|28|88|4|3
396|29|1|6|0
396|29|2|6|1
396|29|3|6|2
396|29|4|6|3
396|29|5|6|4
396|29|6|6|5
397|29|7|8|0
397|29|8|8|1
397|29|9|8|2
397|29|10|8|3
397|29|11|8|4
397|29|12|8|5
397|29|13|8|6
397|29|14|8|7
398|29|15|9|0
398|29|16|9|1
398|29|17|9|2
398|29|18|9|3
398|29|19|9|4
398|29|20|9|5
398|29|21|9|6
398|29|22|9|7
398|29|23|9|8
399|29|24|7|0
399|29|25|7|1
399|29|26|7|2
399|29|27|7|3
399|29|28|7|4
399|29|29|7|5
399|29|30|7|6
400|29|31|8|0
400|29|32|8|1
400|29|33|8|2
400|29|34|8|3
400|29|35|8|4
400|29|36|8|5
400|29|37|8|6
400|29|38|8|7
401|29|39|7|0
401|29|40|7|1
401|29|41|7|2
401|29|42|7|3
401|29|43|7|4
401|29|44|7|5
401|29|45|7|6
402|29|46|7|0
402|29|47|7|1
402|29|48|7|2
402|29|49|7|3
402|29|50|7|4
402|29|51|7|5
402|29|52|7|6
403|29|53|11|0
403|29|54|11|1
403|29|55|11|2
403|29|56|11|3
403|29|57|11|4
403|29|58|11|5
403|29|59|11|6
403|29|60|11|7
403|29|61|11|8
403|29|62|11|9
403|29|63|11|10
404|29|64|6|0
404|29|65|6|1
404|29|66|6|2
404|29|67|6|3
404|29|68|6|4
404|29|69|6|5
404|30|1|5|0
404|30|2|5|1
404|30|3|5|2
404|30|4|5|3
404|30|5|5|4
405|30|6|10|0
405|30|7|10|1
405|30|8|10|2
405|30|9|10|3
405|30|10|10|4
405|30|11|10|5
405|30|12|10|6
405|30|13|10|7
405|30|14|10|8
405|30|15|10|9
406|30|16|9|0
406|30|17|9|1
406|30|18|9|2
406|30|19|9|3
406|30|20|9|4
406|30|21|9|5
406|30|22|9|6
406|30|23|9|7
406|30|24|9|8
407|30|25|8|0
407|30|26|8|1
407|30|27|8|2
407|30|28|8|3
407|30|29|8|4
407|30|30|8|5
407|30|31|8|6
407|30|32|8|7
408|30|33|9|0
408|30|34|9|1
408|30|35|9|2
408|30|36|9|3
408|30|37|9|4
408|30|38|9|5
408|30|39|9|6
408|30|40|9|7
408|30|41|9|8
409|30|42|9|0
409|30|43|9|1
409|30|44|9|2
409|30|45|9|3
409|30|46|9|4
409|30|47|9|5
409|30|48|9|6
409|30|49|9|7
409|30|50|9|8
410|30|51|10|0
410|30|52|10|1
410|30|53|10|2
410|30|54|10|3
410|30|55|10|4
410|30|56|10|5
410|30|57|10|6
410|30|58|10|7
410|30|59|10|8
410|30|60|10|9
411|31|1|11|0
411|31|2|11|1
411|31|3|11|2
411|31|4|11|3
411|31|5|11|4
411|31|6|11|5
411|31|7|11|6
411|31|8|11|7
411|31|9|11|8
411|31|10|11|9
411|31|11|11|10
412|31|12|8|0
412|31|13|8|1
412|31|14|8|2
412|31|15|8|3
412|31|16|8|4
412|31|17|8|5
412|31|18|8|6
412|31|19|8|7
413|31|20|9|0
413|31|21|9|1
413|31|22|9|2
413|31|23|9|3
413|31|24|9|4
413|31|25|9|5
413|31|26|9|6
413|31|27|9|7
413|31|28|9|8
414|31|29|6|0
414|31|30|6|1
414|31|31|6|2
414|31|32|6|3
414|31|33|6|4
414|31|34|6|5
415|32|1|11|0
415|32|2|11|1
415|32|3|11|2
415|32|4|11|3
415|32|5|11|4
415|32|6|11|5
415|32|7|11|6
415|32|8|11|7
415|32|9|11|8
415|32|10|11|9
415|32|11|11|10
416|32|12|9|0
416|32|13|9|1
416|32|14|9|2
416|32|15|9|3
416|32|16|9|4
416|32|17|9|5
416|32|18|9|6
416|32|19|9|7
416|32|20|9|8
417|32|21|10|0
417|32|22|10|1
417|32|23|10|2
417|32|24|10|3
417|32|25|10|4
417|32|26|10|5
417|32|27|10|6
417|32|28|10|7
417|32|29|10|8
417|32|30|10|9
418|33|1|6|0
418|33|2|6|1
418|33|3|6|2
418|33|4|6|3
418|33|5|6|4
418|33|6|6|5
419|33|7|9|0
419|33|8|9|1
419|33|9|9|2
419|33|10|9|3
419|33|11|9|4
419|33|12|9|5
419|33|13|9|6
419|33|14|9|7
419|33|15|9|8
420|33|16|7|0
420|33|17|7|1
420|33|18|7|2
420|33|19|7|3
420|33|20|7|4
420|33|21|7|5
420|33|22|7|6
421|33|23|8|0
421|33|24|8|1
421|33|25|8|2
421|33|26|8|3
421|33|27|8|4
421|33|28|8|5
421|33|29|8|6
421|33|30|8|7
422|33|31|5|0
422|33|32|5|1
422|33|33|5|2
422|33|34|5|3
422|33|35|5|4
423|33|36|8|0
423|33|37|8|1
423|33|38|8|2
423|33|39|8|3
423|33|40|8|4
423|33|41|8|5
423|33|42|8|6
423|33|43|8|7
424|33|44|7|0
424|33|45|7|1
424|33|46|7|2
424|33|47|7|3
424|33|48|7|4
424|33|49|7|5
424|33|50|7|6
425|33|51|4|0
425|33|52|4|1
425|33|53|4|2
425|33|54|4|3
426|33|55|8|0
426|33|56|8|1
426|33|57|8|2
426|33|58|8|3
426|33|59|8|4
426|33|60|8|5
426|33|61|8|6
426|33|62|8|7
427|33|63|11|0
427|33|64|11|1
427|33|65|11|2
427|33|66|11|3
427|33|67|11|4
427|33|68|11|5
427|33|69|11|6
427|33|70|11|7
427|33|71|11|8
427|33|72|11|9
427|33|73|11|10
428|34|1|7|0
428|34|2|7|1
428|34|3|7|2
428|34|4|7|3
428|34|5|7|4
428|34|6|7|5
428|34|7|7|6
429|34|8|7|0
429|34|9|7|1
429|34|10|7|2
429|34|11|7|3
429|34|12|7|4
429|34|13|7|5
429|34|14|7|6
430|34|15|8|0
430|34|16|8|1
430|34|17|8|2
430|34|18|8|3
430|34|19|8|4
430|34|20|8|5
430|34|21|8|6
430|34|22|8|7
431|34|23|9|0
431|34|24|9|1
431|34|25|9|2
431|34|26|9|3
431|34|27|9|4
431|34|28|9|5
431|34|29|9|6
431|34|30|9|7
431|34|31|9|8
432|34|32|8|0
432|34|33|8|1
432|34|34|8|2
432|34|35|8|3
432|34|36|8|4
432|34|37|8|5
432|34|38|8|6
432|34|39|8|7
433|34|40|9|0
433|34|41|9|1
433|34|42|9|2
433|34|43|9|3
433|34|44|9|4
433|34|45|9|5
433|34|46|9|6
433|34|47|9|7
433|34|48|9|8
434|34|49|6|0
434|34|50|6|1
434|34|51|6|2
434|34|52|6|3
434|34|53|6|4
434|34|54|6|5
434|35|1|3|0
434|35|2|3|1
434|35|3|3|2
435|35|4|8|0
435|35|5|8|1
435|35|6|8|2
435|35|7|8|3
435|35|8|8|4
435|35|9|8|5
435|35|10|8|6
435|35|11|8|7
436|35|12|7|0
436|35|13|7|1
436|35|14|7|2
436|35|15|7|3
436|35|16|7|4
436|35|17|7|5
436|35|18|7|6
437|35|19|12|0
437|35|20|12|1
437|35|21|12|2
437|35|22|12|3
437|35|23|12|4
437|35|24|12|5
437|35|25|12|6
437|35|26|12|7
437|35|27|12|8
437|35|28|12|9
437|35|29|12|10
437|35|30|12|11
438|35|31|8|0
438|35|32|8|1
438|35|33|8|2
438|35|34|8|3
438|35|35|8|4
438|35|36|8|5
438|35|37|8|6
438|35|38|8|7
439|35|39|6|0
439|35|40|6|1
439|35|41|6|2
439|35|42|6|3
439|35|43|6|4
439|35|44|6|5
440|35|45|1|0
440|36|1|12|0
440|36|2|12|1
440|36|3|12|2
440|36|4|12|3
440|36|5|12|4
440|36|6|12|5
440|36|7|12|6
440|36|8|12|7
440|36|9|12|8
440|36|10|12|9
440|36|11|12|10
440|36|12|12|11
441|36|13|15|0
441|36|14|15|1
441|36|15|15|2
441|36|16|15|3
441|36|17|15|4
441|36|18|15|5
441|36|19|15|6
441|36|20|15|7
441|36|21|15|8
441|36|22|15|9
441|36|23|15|10
441|36|24|15|11
441|36|25|15|12
441|36|26|15|13
441|36|27|15|14
442|36|28|13|0
442|36|29|13|1
442|36|30|13|2
442|36|31|13|3
442|36|32|13|4
442|36|33|13|5
442|36|34|13|6
442|36|35|13|7
442|36|36|13|8
442|36|37|13|9
442|36|38|13|10
442|36|39|13|11
442|36|40|13|12
443|36|41|14|0
443|36|42|14|1
443|36|43|14|2
443|36|44|14|3
443|36|45|14|4
443|36|46|14|5
443|36|47|14|6
443|36|48|14|7
443|36|49|14|8
443|36|50|14|9
443|36|51|14|10
443|36|52|14|11
443|36|53|14|12
443|36|54|14|13
444|36|55|16|0
444|36|56|16|1
444|36|57|16|2
444|36|58|16|3
444|36|59|16|4
444|36|60|16|5
444|36|61|16|6
444|36|62|16|7
444|36|63|16|8
444|36|64|16|9
444|36|65|16|10
444|36|66|16|11
444|36|67|16|12
444|36|68|16|13
444|36|69|16|14
444|36|70|16|15
445|36|71|13|0
445|36|72|13|1
445|36|73|13|2
445|36|74|13|3
445|36|75|13|4
445|36|76|13|5
445|36|77|13|6
445|36|78|13|7
445|36|79|13|8
445|36|80|13|9
445|36|81|13|10
445|36|82|13|11
445|36|83|13|12
446|37|1|24|0
446|37|2|24|1
446|37|3|24|2
446|37|4|24|3
446|37|5|24|4
446|37|6|24|5
446|37|7|24|6
446|37|8|24|7
446|37|9|24|8
446|37|10|24|9
446|37|11|24|10
446|37|12|24|11
446|37|13|24|12
446|37|14|24|13
446|37|15|24|14
446|37|16|24|15
446|37|17|24|16
446|37|18|24|17
446|37|19|24|18
446|37|20|24|19
446|37|21|24|20
446|37|22|24|21
446|37|23|24|22
446|37|24|24|23
447|37|25|27|0
447|37|26|27|1
447|37|27|27|2
447|37|28|27|3
447|37|29|27|4
447|37|30|27|5
447|37|31|27|6
447|37|32|27|7
447|37|33|27|8
447|37|34|27|9
447|37|35|27|10
447|37|36|27|11
447|37|37|27|12
447|37|38|27|13
447|37|39|27|14
447|37|40|27|15
447|37|41|27|16
447|37|42|27|17
447|37|43|27|18
447|37|44|27|19
447|37|45|27|20
447|37|46|27|21
447|37|47|27|22
447|37|48|27|23
447|37|49|27|24
447|37|50|27|25
447|37|51|27|26
448|37|52|25|0
448|37|53|25|1
448|37|54|25|2
448|37|55|25|3
448|37|56|25|4
448|37|57|25|5
448|37|58|25|6
448|37|59|25|7
448|37|60|25|8
448|37|61|25|9
448|37|62|25|10
448|37|63|25|11
448|37|64|25|12
448|37|65|25|13
448|37|66|25|14
448|37|67|25|15
448|37|68|25|16
448|37|69|25|17
448|37|70|25|18
448|37|71|25|19
448|37|72|25|20
448|37|73|25|21
448|37|74|25|22
448|37|75|25|23
448|37|76|25|24
449|37|77|26|0
449|37|78|26|1
449|37|79|26|2
449|37|80|26|3
449|37|81|26|4
449|37|82|26|5
449|37|83|26|6
449|37|84|26|7
449|37|85|26|8
449|37|86|26|9
449|37|87|26|10
449|37|88|26|11
449|37|89|26|12
449|37|90|26|13
449|37|91|26|14
449|37|92|26|15
449|37|93|26|16
449|37|94|26|17
449|37|95|26|18
449|37|96|26|19
449|37|97|26|20
449|37|98|26|21
449|37|99|26|22
449|37|100|26|23
449|37|101|26|24
449|37|102|26|25
450|37|103|24|0
450|37|104|24|1
450|37|105|24|2
450|37|106|24|3
450|37|107|24|4
450|37|108|24|5
450|37|109|24|6
450|37|110|24|7
450|37|111|24|8
450|37|112|24|9
450|37|113|24|10
450|37|114|24|11
450|37|115|24|12
450|37|116|24|13
450|37|117|24|14
450|37|118|24|15
450|37|119|24|16
450|37|120|24|17
450|37|121|24|18
450|37|122|24|19
450|37|123|24|20
450|37|124|24|21
450|37|125|24|22
450|37|126|24|23
451|37|127|27|0
451|37|128|27|1
451|37|129|27|2
451|37|130|27|3
451|37|131|27|4
451|37|132|27|5
451|37|133|27|6
451|37|134|27|7
451|37|135|27|8
451|37|136|27|9
451|37|137|27|10
451|37|138|27|11
451|37|139|27|12
451|37|140|27|13
451|37|141|27|14
451|37|142|27|15
451|37|143|27|16
451|37|144|27|17
451|37|145|27|18
451|37|146|27|19
451|37|147|27|20
451|37|148|27|21
451|37|149|27|22
451|37|150|27|23
451|37|151|27|24
451|37|152|27|25
451|37|153|27|26
452|37|154|29|0
452|37|155|29|1
452|37|156|29|2
452|37|157|29|3
452|37|158|29|4
452|37|159|29|5
452|37|160|29|6
452|37|161|29|7
452|37|162|29|8
452|37|163|29|9
452|37|164|29|10
452|37|165|29|11
452|37|166|29|12
452|37|167|29|13
452|37|168|29|14
452|37|169|29|15
452|37|170|29|16
452|37|171|29|17
452|37|172|29|18
452|37|173|29|19
452|37|174|29|20
452|37|175|29|21
452|37|176|29|22
452|37|177|29|23
452|37|178|29|24
452|37|179|29|25
452|37|180|29|26
452|37|181|29|27
452|37|182|29|28
453|38|1|16|0
453|38|2|16|1
453|38|3|16|2
453|38|4|16|3
453|38|5|16|4
453|38|6|16|5
453|38|7|16|6
453|38|8|16|7
453|38|9|16|8
453|38|10|16|9
453|38|11|16|10
453|38|12|16|11
453|38|13|16|12
453|38|14|16|13
453|38|15|16|14
453|38|16|16|15
454|38|17|10|0
454|38|18|10|1
454|38|19|10|2
454|38|20|10|3
454|38|21|10|4
454|38|22|10|5
454|38|23|10|6
454|38|24|10|7
454|38|25|10|8
454|38|26|10|9
455|38|27|16|0
455|38|28|16|1
455|38|29|16|2
455|38|30|16|3
455|38|31|16|4
455|38|32|16|5
455|38|33|16|6
455|38|34|16|7
455|38|35|16|8
455|38|36|16|9
455|38|37|16|10
455|38|38|16|11
455|38|39|16|12
455|38|40|16|13
455|38|41|16|14
455|38|42|16|15
456|38|43|19|0
456|38|44|19|1
456|38|45|19|2
456|38|46|19|3
456|38|47|19|4
456|38|48|19|5
456|38|49|19|6
456|38|50|19|7
456|38|51|19|8
456|38|52|19|9
456|38|53|19|10
456|38|54|19|11
456|38|55|19|12
456|38|56|19|13
456|38|57|19|14
456|38|58|19|15
456|38|59|19|16
456|38|60|19|17
456|38|61|19|18
457|38|62|22|0
457|38|63|22|1
457|38|64|22|2
457|38|65|22|3
457|38|66|22|4
457|38|67|22|5
457|38|68|22|6
457|38|69|22|7
457|38|70|22|8
457|38|71|22|9
457|38|72|22|10
457|38|73|22|11
457|38|74|22|12
457|38|75|22|13
457|38|76|22|14
457|38|77|22|15
457|38|78|22|16
457|38|79|22|17
457|38|80|22|18
457|38|81|22|19
457|38|82|22|20
457|38|83|22|21
458|38|84|5|0
458|38|85|5|1
458|38|86|5|2
458|38|87|5|3
458|38|88|5|4
458|39|1|5|0
458|39|2|5|1
458|39|3|5|2
458|39|4|5|3
458|39|5|5|4
459|39|6|5|0
459|39|7|5|1
459|39|8|5|2
459|39|9|5|3
459|39|10|5|4
460|39|11|11|0
460|39|12|11|1
460|39|13|11|2
460|39|14|11|3
460|39|15|11|4
460|39|16|11|5
460|39|17|11|6
460|39|18|11|7
460|39|19|11|8
460|39|20|11|9
460|39|21|11|10
461|39|22|10|0
461|39|23|10|1
461|39|24|10|2
461|39|25|10|3
461|39|26|10|4
461|39|27|10|5
461|39|28|10|6
461|39|29|10|7
461|39|30|10|8
461|39|31|10|9
462|39|32|9|0
462|39|33|9|1
462|39|34|9|2
462|39|35|9|3
462|39|36|9|4
462|39|37|9|5
462|39|38|9|6
462|39|39|9|7
462|39|40|9|8
463|39|41|7|0
463|39|42|7|1
463|39|43|7|2
463|39|44|7|3
463|39|45|7|4
463|39|46|7|5
463|39|47|7|6
464|39|48|9|0
464|39|49|9|1
464|39|50|9|2
464|39|51|9|3
464|39|52|9|4
464|39|53|9|5
464|39|54|9|6
464|39|55|9|7
464|39|56|9|8
465|39|57|11|0
465|39|58|11|1
465|39|59|11|2
465|39|60|11|3
465|39|61|11|4
465|39|62|11|5
465|39|63|11|6
465|39|64|11|7
465|39|65|11|8
465|39|66|11|9
465|39|67|11|10
466|39|68|7|0
466|39|69|7|1
466|39|70|7|2
466|39|71|7|3
466|39|72|7|4
466|39|73|7|5
466|39|74|7|6
467|39|75|1|0
467|40|1|7|0
467|40|2|7|1
467|40|3|7|2
467|40|4|7|3
467|40|5|7|4
467|40|6|7|5
467|40|7|7|6
468|40|8|9|0
468|40|9|9|1
468|40|10|9|2
468|40|11|9|3
468|40|12|9|4
468|40|13|9|5
468|40|14|9|6
468|40|15|9|7
468|40|16|9|8
469|40|17|9|0
469|40|18|9|1
469|40|19|9|2
469|40|20|9|3
469|40|21|9|4
469|40|22|9|5
469|40|23|9|6
469|40|24|9|7
469|40|25|9|8
470|40|26|8|0
470|40|27|8|1
470|40|28|8|2
470|40|29|8|3
470|40|30|8|4
470|40|31|8|5
470|40|32|8|6
470|40|33|8|7
471|40|34|7|0
471|40|35|7|1
471|40|36|7|2
471|40|37|7|3
471|40|38|7|4
471|40|39|7|5
471|40|40|7|6
472|40|41|9|0
472|40|42|9|1
472|40|43|9|2
472|40|44|9|3
472|40|45|9|4
472|40|46|9|5
472|40|47|9|6
472|40|48|9|7
472|40|49|9|8
473|40|50|9|0
473|40|51|9|1
473|40|52|9|2
473|40|53|9|3
473|40|54|9|4
473|40|55|9|5
473|40|56|9|6
473|40|57|9|7
473|40|58|9|8
474|40|59|8|0
474|40|60|8|1
474|40|61|8|2
474|40|62|8|3
474|40|63|8|4
474|40|64|8|5
474|40|65|8|6
474|40|66|8|7
475|40|67|11|0
475|40|68|11|1
475|40|69|11|2
475|40|70|11|3
475|40|71|11|4
475|40|72|11|5
475|40|73|11|6
475|40|74|11|7
475|40|75|11|8
475|40|76|11|9
475|40|77|11|10
476|40|78|8|0
476|40|79|8|1
476|40|80|8|2
476|40|81|8|3
476|40|82|8|4
476|40|83|8|5
476|40|84|8|6
476|40|85|8|7
477|41|1|11|0
477|41|2|11|1
477|41|3|11|2
477|41|4|11|3
477|41|5|11|4
477|41|6|11|5
477|41|7|11|6
477|41|8|11|7
477|41|9|11|8
477|41|10|11|9
477|41|11|11|10
478|41|12|9|0
478|41|13|9|1
478|41|14|9|2
478|41|15|9|3
478|41|16|9|4
478|41|17|9|5
478|41|18|9|6
478|41|19|9|7
478|41|20|9|8
479|41|21|9|0
479|41|22|9|1
479|41|23|9|2
479|41|24|9|3
479|41|25|9|4
479|41|26|9|5
479|41|27|9|6
479|41|28|9|7
479|41|29|9|8
480|41|30|9|0
480|41|31|9|1
480|41|32|9|2
480|41|33|9|3
480|41|34|9|4
480|41|35|9|5
480|41|36|9|6
480|41|37|9|7
480|41|38|9|8
481|41|39|8|0
481|41|40|8|1
481|41|41|8|2
481|41|42|8|3
481|41|43|8|4
481|41|44|8|5
481|41|45|8|6
481|41|46|8|7
482|41|47|8|0
482|41|48|8|1
482|41|49|8|2
482|41|50|8|3
482|41|51|8|4
482|41|52|8|5
482|41|53|8|6
482|41|54|8|7
483|42|1|10|0
483|42|2|10|1
483|42|3|10|2
483|42|4|10|3
483|42|5|10|4
483|42|6|10|5
483|42|7|10|6
483|42|8|10|7
483|42|9|10|8
483|42|10|10|9
484|42|11|5|0
484|42|12|5|1
484|42|13|5|2
484|42|14|5|3
484|42|15|5|4
485|42|16|7|0
485|42|17|7|1
485|42|18|7|2
485|42|19|7|3
485|42|20|7|4
485|42|21|7|5
485|42|22|7|6
486|42|23|9|0
486|42|24|9|1
486|42|25|9|2
486|42|26|9|3
486|42|27|9|4
486|42|28|9|5
486|42|29|9|6
486|42|30|9|7
486|42|31|9|8
487|42|32|13|0
487|42|33|13|1
487|42|34|13|2
487|42|35|13|3
487|42|36|13|4
487|42|37|13|5
487|42|38|13|6
487|42|39|13|7
487|42|40|13|8
487|42|41|13|9
487|42|42|13|10
487|42|43|13|11
487|42|44|13|12
488|42|45|7|0
488|42|46|7|1
488|42|47|7|2
488|42|48|7|3
488|42|49|7|4
488|42|50|7|5
488|42|51|7|6
489|42|52|2|0
489|42|53|2|1
489|43|1|10|0
489|43|2|10|1
489|43|3|10|2
489|43|4|10|3
489|43|5|10|4
489|43|6|10|5
489|43|7|10|6
489|43|8|10|7
489|43|9|10|8
489|43|10|10|9
490|43|11|12|0
490|43|12|12|1
490|43|13|12|2
490|43|14|12|3
490|43|15|12|4
490|43|16|12|5
490|43|17|12|6
490|43|18|12|7
490|43|19|12|8
490|43|20|12|9
490|43|21|12|10
490|43|22|12|11
491|43|23|11|0
491|43|24|11|1
491|43|25|11|2
491|43|26|11|3
491|43|27|11|4
491|43|28|11|5
491|43|29|11|6
491|43|30|11|7
491|43|31|11|8
491|43|32|11|9
491|43|33|11|10
492|43|34|14|0
492|43|35|14|1
492|43|36|14|2
492|43|37|14|3
492|43|38|14|4
492|43|39|14|5
492|43|40|14|6
492|43|41|14|7
492|43|42|14|8
492|43|43|14|9
492|43|44|14|10
492|43|45|14|11
492|43|46|14|12
492|43|47|14|13
493|43|48|13|0
493|43|49|13|1
493|43|50|13|2
493|43|51|13|3
493|43|52|13|4
493|43|53|13|5
493|43|54|13|6
493|43|55|13|7
493|43|56|13|8
493|43|57|13|9
493|43|58|13|10
493|43|59|13|11
493|43|60|13|12
494|43|61|13|0
494|43|62|13|1
494|43|63|13|2
494|43|64|13|3
494|43|65|13|4
494|43|66|13|5
494|43|67|13|6
494|43|68|13|7
494|43|69|13|8
494|43|70|13|9
494|43|71|13|10
494|43|72|13|11
494|43|73|13|12
495|43|74|16|0
495|43|75|16|1
495|43|76|16|2
495|43|77|16|3
495|43|78|16|4
495|43|79|16|5
495|43|80|16|6
495|43|81|16|7
495|43|82|16|8
495|43|83|16|9
495|43|84|16|10
495|43|85|16|11
495|43|86|16|12
495|43|87|16|13
495|43|88|16|14
495|43|89|16|15
496|44|1|18|0
496|44|2|18|1
496|44|3|18|2
496|44|4|18|3
496|44|5|18|4
496|44|6|18|5
496|44|7|18|6
496|44|8|18|7
496|44|9|18|8
496|44|10|18|9
496|44|11|18|10
496|44|12|18|11
496|44|13|18|12
496|44|14|18|13
496|44|15|18|14
496|44|16|18|15
496|44|17|18|16
496|44|18|18|17
497|44|19|21|0
497|44|20|21|1
497|44|21|21|2
497|44|22|21|3
497|44|23|21|4
497|44|24|21|5
497|44|25|21|6
497|44|26|21|7
497|44|27|21|8
497|44|28|21|9
497|44|29|21|10
497|44|30|21|11
497|44|31|21|12
497|44|32|21|13
497|44|33|21|14
497|44|34|21|15
497|44|35|21|16
497|44|36|21|17
497|44|37|21|18
497|44|38|21|19
497|44|39|21|20
498|44|40|20|0
498|44|41|20|1
498|44|42|20|2
498|44|43|20|3
498|44|44|20|4
498|44|45|20|5
498|44|46|20|6
498|44|47|20|7
498|44|48|20|8
498|44|49|20|9
498|44|50|20|10
498|44|51|20|11
498|44|52|20|12
498|44|53|20|13
498|44|54|20|14
498|44|55|20|15
498|44|56|20|16
498|44|57|20|17
498|44|58|20|18
498|44|59|20|19
499|45|1|13|0
499|45|2|13|1
499|45|3|13|2
499|45|4|13|3
499|45|5|13|4
499|45|6|13|5
499|45|7|13|6
499|45|8|13|7
499|45|9|13|8
499|45|10|13|9
499|45|11|13|10
499|45|12|13|11
499|45|13|13|12
500|45|14|9|0
500|45|15|9|1
500|45|16|9|2
500|45|17|9|3
500|45|18|9|4
500|45|19|9|5
500|45|20|9|6
500|45|21|9|7
500|45|22|9|8
501|45|23|10|0
501|45|24|10|1
501|45|25|10|2
501|45|26|10|3
501|45|27|10|4
501|45|28|10|5
501|45|29|10|6
501|45|30|10|7
501|45|31|10|8
501|45|32|10|9
502|45|33|5|0
502|45|34|5|1
502|45|35|5|2
502|45|36|5|3
502|45|37|5|4
502|46|1|5|0
502|46|2|5|1
502|46|3|5|2
502|46|4|5|3
502|46|5|5|4
503|46|6|9|0
503|46|7|9|1
503|46|8|9|2
503|46|9|9|3
503|46|10|9|4
503|46|11|9|5
503|46|12|9|6
503|46|13|9|7
503|46|14|9|8
504|46|15|6|0
504|46|16|6|1
504|46|17|6|2
504|46|18|6|3
504|46|19|6|4
504|46|20|6|5
505|46|21|8|0
505|46|22|8|1
505|46|23|8|2
505|46|24|8|3
505|46|25|8|4
505|46|26|8|5
505|46|27|8|6
505|46|28|8|7
506|46|29|7|0
506|46|30|7|1
506|46|31|7|2
506|46|32|7|3
506|46|33|7|4
506|46|34|7|5
506|46|35|7|6
507|47|1|11|0
507|47|2|11|1
507|47|3|11|2
507|47|4|11|3
507|47|5|11|4
507|47|6|11|5
507|47|7|11|6
507|47|8|11|7
507|47|9|11|8
507|47|10|11|9
507|47|11|11|10
508|47|12|8|0
508|47|13|8|1
508|47|14|8|2
508|47|15|8|3
508|47|16|8|4
508|47|17|8|5
508|47|18|8|6
508|47|19|8|7
509|47|20|10|0
509|47|21|10|1
509|47|22|10|2
509|47|23|10|3
509|47|24|10|4
509|47|25|10|5
509|47|26|10|6
509|47|27|10|7
509|47|28|10|8
509|47|29|10|9
510|47|30|9|0
510|47|31|9|1
510|47|32|9|2
510|47|33|9|3
510|47|34|9|4
510|47|35|9|5
510|47|36|9|6
510|47|37|9|7
510|47|38|9|8
511|48|1|9|0
511|48|2|9|1
511|48|3|9|2
511|48|4|9|3
511|48|5|9|4
511|48|6|9|5
511|48|7|9|6
511|48|8|9|7
511|48|9|9|8
512|48|10|6|0
512|48|11|6|1
512|48|12|6|2
512|48|13|6|3
512|48|14|6|4
512|48|15|6|5
513|48|16|8|0
513|48|17|8|1
513|48|18|8|2
513|48|19|8|3
513|48|20|8|4
513|48|21|8|5
513|48|22|8|6
513|48|23|8|7
514|48|24|5|0
514|48|25|5|1
514|48|26|5|2
514|48|27|5|3
514|48|28|5|4
515|48|29|1|0
515|49|1|4|0
515|49|2|4|1
515|49|3|4|2
515|49|4|4|3
516|49|5|7|0
516|49|6|7|1
516|49|7|7|2
516|49|8|7|3
516|49|9|7|4
516|49|10|7|5
516|49|11|7|6
517|49|12|7|0
517|49|13|7|1
517|49|14|7|2
517|49|15|7|3
517|49|16|7|4
517|49|17|7|5
517|49|18|7|6
518|50|1|15|0
518|50|2|15|1
518|50|3|15|2
518|50|4|15|3
518|50|5|15|4
518|50|6|15|5
518|50|7|15|6
518|50|8|15|7
518|50|9|15|8
518|50|10|15|9
518|50|11|15|10
518|50|12|15|11
518|50|13|15|12
518|50|14|15|13
518|50|15|15|14
519|50|16|20|0
519|50|17|20|1
519|50|18|20|2
519|50|19|20|3
519|50|20|20|4
519|50|21|20|5
519|50|22|20|6
519|50|23|20|7
519|50|24|20|8
519|50|25|20|9
519|50|26|20|10
519|50|27|20|11
519|50|28|20|12
519|50|29|20|13
519|50|30|20|14
519|50|31|20|15
519|50|32|20|16
519|50|33|20|17
519|50|34|20|18
519|50|35|20|19
520|50|36|10|0
520|50|37|10|1
520|50|38|10|2
520|50|39|10|3
520|50|40|10|4
520|50|41|10|5
520|50|42|10|6
520|50|43|10|7
520|50|44|10|8
520|50|45|10|9
520|51|1|6|0
520|51|2|6|1
520|51|3|6|2
520|51|4|6|3
520|51|5|6|4
520|51|6|6|5
521|51|7|24|0
521|51|8|24|1
521|51|9|24|2
521|51|10|24|3
521|51|11|24|4
521|51|12|24|5
521|51|13|24|6
521|51|14|24|7
521|51|15|24|8
521|51|16|24|9
521|51|17|24|10
521|51|18|24|11
521|51|19|24|12
521|51|20|24|13
521|51|21|24|14
521|51|22|24|15
521|51|23|24|16
521|51|24|24|17
521|51|25|24|18
521|51|26|24|19
521|51|27|24|20
521|51|28|24|21
521|51|29|24|22
521|51|30|24|23
522|51|31|21|0
522|51|32|21|1
522|51|33|21|2
522|51|34|21|3
522|51|35|21|4
522|51|36|21|5
522|51|37|21|6
522|51|38|21|7
522|51|39|21|8
522|51|40|21|9
522|51|41|21|10
522|51|42|21|11
522|51|43|21|12
522|51|44|21|13
522|51|45|21|14
522|51|46|21|15
522|51|47|21|16
522|51|48|21|17
522|51|49|21|18
522|51|50|21|19
522|51|51|21|20
523|51|52|9|0
523|51|53|9|1
523|51|54|9|2
523|51|55|9|3
523|51|56|9|4
523|51|57|9|5
523|51|58|9|6
523|51|59|9|7
523|51|60|9|8
523|52|1|14|0
523|52|2|14|1
523|52|3|14|2
523|52|4|14|3
523|52|5|14|4
523|52|6|14|5
523|52|7|14|6
523|52|8|14|7
523|52|9|14|8
523|52|10|14|9
523|52|11|14|10
523|52|12|14|11
523|52|13|14|12
523|52|14|14|13
524|52|15|17|0
524|52|16|17|1
524|52|17|17|2
524|52|18|17|3
524|52|19|17|4
524|52|20|17|5
524|52|21|17|6
524|52|22|17|7
524|52|23|17|8
524|52|24|17|9
524|52|25|17|10
524|52|26|17|11
524|52|27|17|12
524|52|28|17|13
524|52|29|17|14
524|52|30|17|15
524|52|31|17|16
525|52|32|18|0
525|52|33|18|1
525|52|34|18|2
525|52|35|18|3
525|52|36|18|4
525|52|37|18|5
525|52|38|18|6
525|52|39|18|7
525|52|40|18|8
525|52|41|18|9
525|52|42|18|10
525|52|43|18|11
525|52|44|18|12
525|52|45|18|13
525|52|46|18|14
525|52|47|18|15
525|52|48|18|16
525|52|49|18|17
526|53|1|26|0
526|53|2|26|1
526|53|3|26|2
526|53|4|26|3
526|53|5|26|4
526|53|6|26|5
526|53|7|26|6
526|53|8|26|7
526|53|9|26|8
526|53|10|26|9
526|53|11|26|10
526|53|12|26|11
526|53|13|26|12
526|53|14|26|13
526|53|15|26|14
526|53|16|26|15
526|53|17|26|16
526|53|18|26|17
526|53|19|26|18
526|53|20|26|19
526|53|21|26|20
526|53|22|26|21
526|53|23|26|22
526|53|24|26|23
526|53|25|26|24
526|53|26|26|25
527|53|27|18|0
527|53|28|18|1
527|53|29|18|2
527|53|30|18|3
527|53|31|18|4
527|53|32|18|5
527|53|33|18|6
527|53|34|18|7
527|53|35|18|8
527|53|36|18|9
527|53|37|18|10
527|53|38|18|11
527|53|39|18|12
527|53|40|18|13
527|53|41|18|14
527|53|42|18|15
527|53|43|18|16
527|53|44|18|17
528|53|45|18|0
528|53|46|18|1
528|53|47|18|2
528|53|48|18|3
528|53|49|18|4
528|53|50|18|5
528|53|51|18|6
528|53|52|18|7
528|53|53|18|8
528|53|54|18|9
528|53|55|18|10
528|53|56|18|11
528|53|57|18|12
528|53|58|18|13
528|53|59|18|14
528|53|60|18|15
528|53|61|18|16
528|53|62|18|17
528|54|1|6|0
528|54|2|6|1
528|54|3|6|2
528|54|4|6|3
528|54|5|6|4
528|54|6|6|5
529|54|7|21|0
529|54|8|21|1
529|54|9|21|2
529|54|10|21|3
529|54|11|21|4
529|54|12|21|5
529|54|13|21|6
529|54|14|21|7
529|54|15|21|8
529|54|16|21|9
529|54|17|21|10
529|54|18|21|11
529|54|19|21|12
529|54|20|21|13
529|54|21|21|14
529|54|22|21|15
529|54|23|21|16
529|54|24|21|17
529|54|25|21|18
529|54|26|21|19
529|54|27|21|20
530|54|28|22|0
530|54|29|22|1
530|54|30|22|2
530|54|31|22|3
530|54|32|22|4
530|54|33|22|5
530|54|34|22|6
530|54|35|22|7
530|54|36|22|8
530|54|37|22|9
530|54|38|22|10
530|54|39|22|11
530|54|40|22|12
530|54|41|22|13
530|54|42|22|14
530|54|43|22|15
530|54|44|22|16
530|54|45|22|17
530|54|46|22|18
530|54|47|22|19
530|54|48|22|20
530|54|49|22|21
531|54|50|6|0
531|54|51|6|1
531|54|52|6|2
531|54|53|6|3
531|54|54|6|4
531|54|55|6|5
531|55|1|16|0
531|55|2|16|1
531|55|3|16|2
531|55|4|16|3
531|55|5|16|4
531|55|6|16|5
531|55|7|16|6
531|55|8|16|7
531|55|9|16|8
531|55|10|16|9
531|55|11|16|10
531|55|12|16|11
531|55|13|16|12
531|55|14|16|13
531|55|15|16|14
531|55|16|16|15
532|55|17|24|0
532|55|18|24|1
532|55|19|24|2
532|55|20|24|3
532|55|21|24|4
532|55|22|24|5
532|55|23|24|6
532|55|24|24|7
532|55|25|24|8
532|55|26|24|9
532|55|27|24|10
532|55|28|24|11
532|55|29|24|12
532|55|30|24|13
532|55|31|24|14
532|55|32|24|15
532|55|33|24|16
532|55|34|24|17
532|55|35|24|18
532|55|36|24|19
532|55|37|24|20
532|55|38|24|21
532|55|39|24|22
532|55|40|24|23
533|55|41|27|0
533|55|42|27|1
533|55|43|27|2
533|55|44|27|3
533|55|45|27|4
533|55|46|27|5
533|55|47|27|6
533|55|48|27|7
533|55|49|27|8
533|55|50|27|9
533|55|51|27|10
533|55|52|27|11
533|55|53|27|12
533|55|54|27|13
533|55|55|27|14
533|55|56|27|15
533|55|57|27|16
533|55|58|27|17
533|55|59|27|18
533|55|60|27|19
533|55|61|27|20
533|55|62|27|21
533|55|63|27|22
533|55|64|27|23
533|55|65|27|24
533|55|66|27|25
533|55|67|27|26
534|55|68|11|0
534|55|69|11|1
534|55|70|11|2
534|55|71|11|3
534|55|72|11|4
534|55|73|11|5
534|55|74|11|6
534|55|75|11|7
534|55|76|11|8
534|55|77|11|9
534|55|78|11|10
534|56|1|16|0
534|56|2|16|1
534|56|3|16|2
534|56|4|16|3
534|56|5|16|4
534|56|6|16|5
534|56|7|16|6
534|56|8|16|7
534|56|9|16|8
534|56|10|16|9
534|56|11|16|10
534|56|12|16|11
534|56|13|16|12
534|56|14|16|13
534|56|15|16|14
534|56|16|16|15
535|56|17|34|0
535|56|18|34|1
535|56|19|34|2
535|56|20|34|3
535|56|21|34|4
535|56|22|34|5
535|56|23|34|6
535|56|24|34|7
535|56|25|34|8
535|56|26|34|9
535|56|27|34|10
535|56|28|34|11
535|56|29|34|12
535|56|30|34|13
535|56|31|34|14
535|56|32|34|15
535|56|33|34|16
535|56|34|34|17
535|56|35|34|18
535|56|36|34|19
535|56|37|34|20
535|56|38|34|21
535|56|39|34|22
535|56|40|34|23
535|56|41|34|24
535|56|42|34|25
535|56|43|34|26
535|56|44|34|27
535|56|45|34|28
535|56|46|34|29
535|56|47|34|30
535|56|48|34|31
535|56|49|34|32
535|56|50|34|33
536|56|51|26|0
536|56|52|26|1
536|56|53|26|2
536|56|54|26|3
536|56|55|26|4
536|56|56|26|5
536|56|57|26|6
536|56|58|26|7
536|56|59|26|8
536|56|60|26|9
536|56|61|26|10
536|56|62|26|11
536|56|63|26|12
536|56|64|26|13
536|56|65|26|14
536|56|66|26|15
536|56|67|26|16
536|56|68|26|17
536|56|69|26|18
536|56|70|26|19
536|56|71|26|20
536|56|72|26|21
536|56|73|26|22
536|56|74|26|23
536|56|75|26|24
536|56|76|26|25
537|56|77|20|0
537|56|78|20|1
537|56|79|20|2
537|56|80|20|3
537|56|81|20|4
537|56|82|20|5
537|56|83|20|6
537|56|84|20|7
537|56|85|20|8
537|56|86|20|9
537|56|87|20|10
537|56|88|20|11
537|56|89|20|12
537|56|90|20|13
537|56|91|20|14
537|56|92|20|15
537|56|93|20|16
537|56|94|20|17
537|56|95|20|18
537|56|96|20|19
537|57|1|3|0
537|57|2|3|1
537|57|3|3|2
538|57|4|8|0
538|57|5|8|1
538|57|6|8|2
538|57|7|8|3
538|57|8|8|4
538|57|9|8|5
538|57|10|8|6
538|57|11|8|7
539|57|12|7|0
539|57|13|7|1
539|57|14|7|2
539|57|15|7|3
539|57|16|7|4
539|57|17|7|5
539|57|18|7|6
540|57|19|6|0
540|57|20|6|1
540|57|21|6|2
540|57|22|6|3
540|57|23|6|4
540|57|24|6|5
541|57|25|5|0
541|57|26|5|1
541|57|27|5|2
541|57|28|5|3
541|57|29|5|4
542|58|1|6|0
542|58|2|6|1
542|58|3|6|2
542|58|4|6|3
542|58|5|6|4
542|58|6|6|5
543|58|7|5|0
543|58|8|5|1
543|58|9|5|2
543|58|10|5|3
543|58|11|5|4
544|58|12|10|0
544|58|13|10|1
544|58|14|10|2
544|58|15|10|3
544|58|16|10|4
544|58|17|10|5
544|58|18|10|6
544|58|19|10|7
544|58|20|10|8
544|58|21|10|9
545|58|22|1|0
545|59|1|3|0
545|59|2|3|1
545|59|3|3|2
546|59|4|6|0
546|59|5|6|1
546|59|6|6|2
546|59|7|6|3
546|59|8|6|4
546|59|9|6|5
547|59|10|7|0
547|59|11|7|1
547|59|12|7|2
547|59|13|7|3
547|59|14|7|4
547|59|15|7|5
547|59|16|7|6
548|59|17|8|0
548|59|18|8|1
548|59|19|8|2
548|59|20|8|3
548|59|21|8|4
548|59|22|8|5
548|59|23|8|6
548|59|24|8|7
549|60|1|5|0
549|60|2|5|1
549|60|3|5|2
549|60|4|5|3
549|60|5|5|4
550|60|6|6|0
550|60|7|6|1
550|60|8|6|2
550|60|9|6|3
550|60|10|6|4
550|60|11|6|5
551|60|12|2|0
551|60|13|2|1
551|61|1|5|0
551|61|2|5|1
551|61|3|5|2
551|61|4|5|3
551|61|5|5|4
552|61|6|9|0
552|61|7|9|1
552|61|8|9|2
552|61|9|9|3
552|61|10|9|4
552|61|11|9|5
552|61|12|9|6
552|61|13|9|7
552|61|14|9|8
553|62|1|8|0
553|62|2|8|1
553|62|3|8|2
553|62|4|8|3
553|62|5|8|4
553|62|6|8|5
553|62|7|8|6
553|62|8|8|7
554|62|9|3|0
554|62|10|3|1
554|62|11|3|2
554|63|1|4|0
554|63|2|4|1
554|63|3|4|2
554|63|4|4|3
555|63|5|7|0
555|63|6|7|1
555|63|7|7|2
555|63|8|7|3
555|63|9|7|4
555|63|10|7|5
555|63|11|7|6
556|64|1|9|0
556|64|2|9|1
556|64|3|9|2
556|64|4|9|3
556|64|5|9|4
556|64|6|9|5
556|64|7|9|6
556|64|8|9|7
556|64|9|9|8
557|64|10|9|0
557|64|11|9|1
557|64|12|9|2
557|64|13|9|3
557|64|14|9|4
557|64|15|9|5
557|64|16|9|6
557|64|17|9|7
557|64|18|9|8
558|65|1|5|0
558|65|2|5|1
558|65|3|5|2
558|65|4|5|3
558|65|5|5|4
559|65|6|7|0
559|65|7|7|1
559|65|8|7|2
559|65|9|7|3
559|65|10|7|4
559|65|11|7|5
559|65|12|7|6
560|66|1|7|0
560|66|2|7|1
560|66|3|7|2
560|66|4|7|3
560|66|5|7|4
560|66|6|7|5
560|66|7|7|6
561|66|8|5|0
561|66|9|5|1
561|66|10|5|2
561|66|11|5|3
561|66|12|5|4
562|67|1|12|0
562|67|2|12|1
562|67|3|12|2
562|67|4|12|3
562|67|5|12|4
562|67|6|12|5
562|67|7|12|6
562|67|8|12|7
562|67|9|12|8
562|67|10|12|9
562|67|11|12|10
562|67|12|12|11
563|67|13|14|0
563|67|14|14|1
563|67|15|14|2
563|67|16|14|3
563|67|17|14|4
563|67|18|14|5
563|67|19|14|6
563|67|20|14|7
563|67|21|14|8
563|67|22|14|9
563|67|23|14|10
563|67|24|14|11
563|67|25|14|12
563|67|26|14|13
564|67|27|4|0
564|67|28|4|1
564|67|29|4|2
564|67|30|4|3
564|68|1|15|0
564|68|2|15|1
564|68|3|15|2
564|68|4|15|3
564|68|5|15|4
564|68|6|15|5
564|68|7|15|6
564|68|8|15|7
564|68|9|15|8
564|68|10|15|9
564|68|11|15|10
564|68|12|15|11
564|68|13|15|12
564|68|14|15|13
564|68|15|15|14
565|68|16|27|0
565|68|17|27|1
565|68|18|27|2
565|68|19|27|3
565|68|20|27|4
565|68|21|27|5
565|68|22|27|6
565|68|23|27|7
565|68|24|27|8
565|68|25|27|9
565|68|26|27|10
565|68|27|27|11
565|68|28|27|12
565|68|29|27|13
565|68|30|27|14
565|68|31|27|15
565|68|32|27|16
565|68|33|27|17
565|68|34|27|18
565|68|35|27|19
565|68|36|27|20
565|68|37|27|21
565|68|38|27|22
565|68|39|27|23
565|68|40|27|24
565|68|41|27|25
565|68|42|27|26
566|68|43|10|0
566|68|44|10|1
566|68|45|10|2
566|68|46|10|3
566|68|47|10|4
566|68|48|10|5
566|68|49|10|6
566|68|50|10|7
566|68|51|10|8
566|68|52|10|9
566|69|1|8|0
566|69|2|8|1
566|69|3|8|2
566|69|4|8|3
566|69|5|8|4
566|69|6|8|5
566|69|7|8|6
566|69|8|8|7
567|69|9|26|0
567|69|10|26|1
567|69|11|26|2
567|69|12|26|3
567|69|13|26|4
567|69|14|26|5
567|69|15|26|6
567|69|16|26|7
567|69|17|26|8
567|69|18|26|9
567|69|19|26|10
567|69|20|26|11
567|69|21|26|12
567|69|22|26|13
567|69|23|26|14
567|69|24|26|15
567|69|25|26|16
567|69|26|26|17
567|69|27|26|18
567|69|28|26|19
567|69|29|26|20
567|69|30|26|21
567|69|31|26|22
567|69|32|26|23
567|69|33|26|24
567|69|34|26|25
568|69|35|18|0
568|69|36|18|1
568|69|37|18|2
568|69|38|18|3
568|69|39|18|4
568|69|40|18|5
568|69|41|18|6
568|69|42|18|7
568|69|43|18|8
568|69|44|18|9
568|69|45|18|10
568|69|46|18|11
568|69|47|18|12
568|69|48|18|13
568|69|49|18|14
568|69|50|18|15
568|69|51|18|16
568|69|52|18|17
568|70|1|10|0
568|70|2|10|1
568|70|3|10|2
568|70|4|10|3
568|70|5|10|4
568|70|6|10|5
568|70|7|10|6
568|70|8|10|7
568|70|9|10|8
568|70|10|10|9
569|70|11|29|0
569|70|12|29|1
569|70|13|29|2
569|70|14|29|3
569|70|15|29|4
569|70|16|29|5
569|70|17|29|6
569|70|18|29|7
569|70|19|29|8
569|70|20|29|9
569|70|21|29|10
569|70|22|29|11
569|70|23|29|12
569|70|24|29|13
569|70|25|29|14
569|70|26|29|15
569|70|27|29|16
569|70|28|29|17
569|70|29|29|18
569|70|30|29|19
569|70|31|29|20
569|70|32|29|21
569|70|33|29|22
569|70|34|29|23
569|70|35|29|24
569|70|36|29|25
569|70|37|29|26
569|70|38|29|27
569|70|39|29|28
570|70|40|5|0
570|70|41|5|1
570|70|42|5|2
570|70|43|5|3
570|70|44|5|4
570|71|1|10|0
570|71|2|10|1
570|71|3|10|2
570|71|4|10|3
570|71|5|10|4
570|71|6|10|5
570|71|7|10|6
570|71|8|10|7
570|71|9|10|8
570|71|10|10|9
571|71|11|18|0
571|71|12|18|1
571|71|13|18|2
571|71|14|18|3
571|71|15|18|4
571|71|16|18|5
571|71|17|18|6
571|71|18|18|7
571|71|19|18|8
571|71|20|18|9
571|71|21|18|10
571|71|22|18|11
571|71|23|18|12
571|71|24|18|13
571|71|25|18|14
571|71|26|18|15
571|71|27|18|16
571|71|28|18|17
572|72|1|13|0
572|72|2|13|1
572|72|3|13|2
572|72|4|13|3
572|72|5|13|4
572|72|6|13|5
572|72|7|13|6
572|72|8|13|7
572|72|9|13|8
572|72|10|13|9
572|72|11|13|10
572|72|12|13|11
572|72|13|13|12
573|72|14|15|0
573|72|15|15|1
573|72|16|15|2
573|72|17|15|3
573|72|18|15|4
573|72|19|15|5
573|72|20|15|6
573|72|21|15|7
573|72|22|15|8
573|72|23|15|9
573|72|24|15|10
573|72|25|15|11
573|72|26|15|12
573|72|27|15|13
573|72|28|15|14
574|73|1|19|0
574|73|2|19|1
574|73|3|19|2
574|73|4|19|3
574|73|5|19|4
574|73|6|19|5
574|73|7|19|6
574|73|8|19|7
574|73|9|19|8
574|73|10|19|9
574|73|11|19|10
574|73|12|19|11
574|73|13|19|12
574|73|14|19|13
574|73|15|19|14
574|73|16|19|15
574|73|17|19|16
574|73|18|19|17
574|73|19|19|18
575|73|20|1|0
575|74|1|17|0
575|74|2|17|1
575|74|3|17|2
575|74|4|17|3
575|74|5|17|4
575|74|6|17|5
575|74|7|17|6
575|74|8|17|7
575|74|9|17|8
575|74|10|17|9
575|74|11|17|10
575|74|12|17|11
575|74|13|17|12
575|74|14|17|13
575|74|15|17|14
575|74|16|17|15
575|74|17|17|16
576|74|18|30|0
576|74|19|30|1
576|74|20|30|2
576|74|21|30|3
576|74|22|30|4
576|74|23|30|5
576|74|24|30|6
576|74|25|30|7
576|74|26|30|8
576|74|27|30|9
576|74|28|30|10
576|74|29|30|11
576|74|30|30|12
576|74|31|30|13
576|74|32|30|14
576|74|33|30|15
576|74|34|30|16
576|74|35|30|17
576|74|36|30|18
576|74|37|30|19
576|74|38|30|20
576|74|39|30|21
576|74|40|30|22
576|74|41|30|23
576|74|42|30|24
576|74|43|30|25
576|74|44|30|26
576|74|45|30|27
576|74|46|30|28
576|74|47|30|29
577|74|48|9|0
577|74|49|9|1
577|74|50|9|2
577|74|51|9|3
577|74|52|9|4
577|74|53|9|5
577|74|54|9|6
577|74|55|9|7
577|74|56|9|8
577|75|1|19|0
577|75|2|19|1
577|75|3|19|2
577|75|4|19|3
577|75|5|19|4
577|75|6|19|5
577|75|7|19|6
577|75|8|19|7
577|75|9|19|8
577|75|10|19|9
577|75|11|19|10
577|75|12|19|11
577|75|13|19|12
577|75|14|19|13
577|75|15|19|14
577|75|16|19|15
577|75|17|19|16
577|75|18|19|17
577|75|19|19|18
578|75|20|21|0
578|75|21|21|1
578|75|22|21|2
578|75|23|21|3
578|75|24|21|4
578|75|25|21|5
578|75|26|21|6
578|75|27|21|7
578|75|28|21|8
578|75|29|21|9
578|75|30|21|10
578|75|31|21|11
578|75|32|21|12
578|75|33|21|13
578|75|34|21|14
578|75|35|21|15
578|75|36|21|16
578|75|37|21|17
578|75|38|21|18
578|75|39|21|19
578|75|40|21|20
578|76|1|5|0
578|76|2|5|1
578|76|3|5|2
578|76|4|5|3
578|76|5|5|4
579|76|6|20|0
579|76|7|20|1
579|76|8|20|2
579|76|9|20|3
579|76|10|20|4
579|76|11|20|5
579|76|12|20|6
579|76|13|20|7
579|76|14|20|8
579|76|15|20|9
579|76|16|20|10
579|76|17|20|11
579|76|18|20|12
579|76|19|20|13
579|76|20|20|14
579|76|21|20|15
579|76|22|20|16
579|76|23|20|17
579|76|24|20|18
579|76|25|20|19
580|76|26|6|0
580|76|27|6|1
580|76|28|6|2
580|76|29|6|3
580|76|30|6|4
580|76|31|6|5
580|77|1|19|0
580|77|2|19|1
580|77|3|19|2
580|77|4|19|3
580|77|5|19|4
580|77|6|19|5
580|77|7|19|6
580|77|8|19|7
580|77|9|19|8
580|77|10|19|9
580|77|11|19|10
580|77|12|19|11
580|77|13|19|12
580|77|14|19|13
580|77|15|19|14
580|77|16|19|15
580|77|17|19|16
580|77|18|19|17
580|77|19|19|18
581|77|20|31|0
581|77|21|31|1
581|77|22|31|2
581|77|23|31|3
581|77|24|31|4
581|77|25|31|5
581|77|26|31|6
581|77|27|31|7
581|77|28|31|8
581|77|29|31|9
581|77|30|31|10
581|77|31|31|11
581|77|32|31|12
581|77|33|31|13
581|77|34|31|14
581|77|35|31|15
581|77|36|31|16
581|77|37|31|17
581|77|38|31|18
581|77|39|31|19
581|77|40|31|20
581|77|41|31|21
581|77|42|31|22
581|77|43|31|23
581|77|44|31|24
581|77|45|31|25
581|77|46|31|26
581|77|47|31|27
581|77|48|31|28
581|77|49|31|29
581|77|50|31|30
582|78|1|30|0
582|78|2|30|1
582|78|3|30|2
582|78|4|30|3
582|78|5|30|4
582|78|6|30|5
582|78|7|30|6
582|78|8|30|7
582|78|9|30|8
582|78|10|30|9
582|78|11|30|10
582|78|12|30|11
582|78|13|30|12
582|78|14|30|13
582|78|15|30|14
582|78|16|30|15
582|78|17|30|16
582|78|18|30|17
582|78|19|30|18
582|78|20|30|19
582|78|21|30|20
582|78|22|30|21
582|78|23|30|22
582|78|24|30|23
582|78|25|30|24
582|78|26|30|25
582|78|27|30|26
582|78|28|30|27
582|78|29|30|28
582|78|30|30|29
583|78|31|10|0
583|78|32|10|1
583|78|33|10|2
583|78|34|10|3
583|78|35|10|4
583|78|36|10|5
583|78|37|10|6
583|78|38|10|7
583|78|39|10|8
583|78|40|10|9
583|79|1|15|0
583|79|2|15|1
583|79|3|15|2
583|79|4|15|3
583|79|5|15|4
583|79|6|15|5
583|79|7|15|6
583|79|8|15|7
583|79|9|15|8
583|79|10|15|9
583|79|11|15|10
583|79|12|15|11
583|79|13|15|12
583|79|14|15|13
583|79|15|15|14
584|79|16|31|0
584|79|17|31|1
584|79|18|31|2
584|79|19|31|3
584|79|20|31|4
584|79|21|31|5
584|79|22|31|6
584|79|23|31|7
584|79|24|31|8
584|79|25|31|9
584|79|26|31|10
584|79|27|31|11
584|79|28|31|12
584|79|29|31|13
584|79|30|31|14
584|79|31|31|15
584|79|32|31|16
584|79|33|31|17
584|79|34|31|18
584|79|35|31|19
584|79|36|31|20
584|79|37|31|21
584|79|38|31|22
584|79|39|31|23
584|79|40|31|24
584|79|41|31|25
584|79|42|31|26
584|79|43|31|27
584|79|44|31|28
584|79|45|31|29
584|79|46|31|30
585|80|1|42|0
585|80|2|42|1
585|80|3|42|2
585|80|4|42|3
585|80|5|42|4
585|80|6|42|5
585|80|7|42|6
585|80|8|42|7
585|80|9|42|8
585|80|10|42|9
585|80|11|42|10
585|80|12|42|11
585|80|13|42|12
585|80|14|42|13
585|80|15|42|14
585|80|16|42|15
585|80|17|42|16
585|80|18|42|17
585|80|19|42|18
585|80|20|42|19
585|80|21|42|20
585|80|22|42|21
585|80|23|42|22
585|80|24|42|23
585|80|25|42|24
585|80|26|42|25
585|80|27|42|26
585|80|28|42|27
585|80|29|42|28
585|80|30|42|29
585|80|31|42|30
585|80|32|42|31
585|80|33|42|32
585|80|34|42|33
585|80|35|42|34
585|80|36|42|35
585|80|37|42|36
585|80|38|42|37
585|80|39|42|38
585|80|40|42|39
585|80|41|42|40
585|80|42|42|41
586|81|1|29|0
586|81|2|29|1
586|81|3|29|2
586|81|4|29|3
586|81|5|29|4
586|81|6|29|5
586|81|7|29|6
586|81|8|29|7
586|81|9|29|8
586|81|10|29|9
586|81|11|29|10
586|81|12|29|11
586|81|13|29|12
586|81|14|29|13
586|81|15|29|14
586|81|16|29|15
586|81|17|29|16
586|81|18|29|17
586|81|19|29|18
586|81|20|29|19
586|81|21|29|20
586|81|22|29|21
586|81|23|29|22
586|81|24|29|23
586|81|25|29|24
586|81|26|29|25
586|81|27|29|26
586|81|28|29|27
586|81|29|29|28
587|82|1|19|0
587|82|2|19|1
587|82|3|19|2
587|82|4|19|3
587|82|5|19|4
587|82|6|19|5
587|82|7|19|6
587|82|8|19|7
587|82|9|19|8
587|82|10|19|9
587|82|11|19|10
587|82|12|19|11
587|82|13|19|12
587|82|14|19|13
587|82|15|19|14
587|82|16|19|15
587|82|17|19|16
587|82|18|19|17
587|82|19|19|18
587|83|1|6|0
587|83|2|6|1
587|83|3|6|2
587|83|4|6|3
587|83|5|6|4
587|83|6|6|5
588|83|7|28|0
588|83|8|28|1
588|83|9|28|2
588|83|10|28|3
588|83|11|28|4
588|83|12|28|5
588|83|13|28|6
588|83|14|28|7
588|83|15|28|8
588|83|16|28|9
588|83|17|28|10
588|83|18|28|11
588|83|19|28|12
588|83|20|28|13
588|83|21|28|14
588|83|22|28|15
588|83|23|28|16
588|83|24|28|17
588|83|25|28|18
588|83|26|28|19
588|83|27|28|20
588|83|28|28|21
588|83|29|28|22
588|83|30|28|23
588|83|31|28|24
588|83|32|28|25
588|83|33|28|26
588|83|34|28|27
589|83|35|2|0
589|83|36|2|1
589|84|1|25|0
589|84|2|25|1
589|84|3|25|2
589|84|4|25|3
589|84|5|25|4
589|84|6|25|5
589|84|7|25|6
589|84|8|25|7
589|84|9|25|8
589|84|10|25|9
589|84|11|25|10
589|84|12|25|11
589|84|13|25|12
589|84|14|25|13
589|84|15|25|14
589|84|16|25|15
589|84|17|25|16
589|84|18|25|17
589|84|19|25|18
589|84|20|25|19
589|84|21|25|20
589|84|22|25|21
589|84|23|25|22
589|84|24|25|23
589|84|25|25|24
590|85|1|22|0
590|85|2|22|1
590|85|3|22|2
590|85|4|22|3
590|85|5|22|4
590|85|6|22|5
590|85|7|22|6
590|85|8|22|7
590|85|9|22|8
590|85|10|22|9
590|85|11|22|10
590|85|12|22|11
590|85|13|22|12
590|85|14|22|13
590|85|15|22|14
590|85|16|22|15
590|85|17|22|16
590|85|18|22|17
590|85|19|22|18
590|85|20|22|19
590|85|21|22|20
590|85|22|22|21
591|86|1|17|0
591|86|2|17|1
591|86|3|17|2
591|86|4|17|3
591|86|5|17|4
591|86|6|17|5
591|86|7|17|6
591|86|8|17|7
591|86|9|17|8
591|86|10|17|9
591|86|11|17|10
591|86|12|17|11
591|86|13|17|12
591|86|14|17|13
591|86|15|17|14
591|86|16|17|15
591|86|17|17|16
591|87|1|15|0
591|87|2|15|1
591|87|3|15|2
591|87|4|15|3
591|87|5|15|4
591|87|6|15|5
591|87|7|15|6
591|87|8|15|7
591|87|9|15|8
591|87|10|15|9
591|87|11|15|10
591|87|12|15|11
591|87|13|15|12
591|87|14|15|13
591|87|15|15|14
592|87|16|4|0
592|87|17|4|1
592|87|18|4|2
592|87|19|4|3
592|88|1|26|0
592|88|2|26|1
592|88|3|26|2
592|88|4|26|3
592|88|5|26|4
592|88|6|26|5
592|88|7|26|6
592|88|8|26|7
592|88|9|26|8
592|88|10|26|9
592|88|11|26|10
592|88|12|26|11
592|88|13|26|12
592|88|14|26|13
592|88|15|26|14
592|88|16|26|15
592|88|17|26|16
592|88|18|26|17
592|88|19|26|18
592|88|20|26|19
592|88|21|26|20
592|88|22|26|21
592|88|23|26|22
592|88|24|26|23
592|88|25|26|24
592|88|26|26|25
593|89|1|23|0
593|89|2|23|1
593|89|3|23|2
593|89|4|23|3
593|89|5|23|4
593|89|6|23|5
593|89|7|23|6
593|89|8|23|7
593|89|9|23|8
593|89|10|23|9
593|89|11|23|10
593|89|12|23|11
593|89|13|23|12
593|89|14|23|13
593|89|15|23|14
593|89|16|23|15
593|89|17|23|16
593|89|18|23|17
593|89|19|23|18
593|89|20|23|19
593|89|21|23|20
593|89|22|23|21
593|89|23|23|22
594|89|24|7|0
594|89|25|7|1
594|89|26|7|2
594|89|27|7|3
594|89|28|7|4
594|89|29|7|5
594|89|30|7|6
594|90|1|20|0
594|90|2|20|1
594|90|3|20|2
594|90|4|20|3
594|90|5|20|4
594|90|6|20|5
594|90|7|20|6
594|90|8|20|7
594|90|9|20|8
594|90|10|20|9
594|90|11|20|10
594|90|12|20|11
594|90|13|20|12
594|90|14|20|13
594|90|15|20|14
594|90|16|20|15
594|90|17|20|16
594|90|18|20|17
594|90|19|20|18
594|90|20|20|19
595|91|1|15|0
595|91|2|15|1
595|91|3|15|2
595|91|4|15|3
595|91|5|15|4
595|91|6|15|5
595|91|7|15|6
595|91|8|15|7
595|91|9|15|8
595|91|10|15|9
595|91|11|15|10
595|91|12|15|11
595|91|13|15|12
595|91|14|15|13
595|91|15|15|14
595|92|1|14|0
595|92|2|14|1
595|92|3|14|2
595|92|4|14|3
595|92|5|14|4
595|92|6|14|5
595|92|7|14|6
595|92|8|14|7
595|92|9|14|8
595|92|10|14|9
595|92|11|14|10
595|92|12|14|11
595|92|13|14|12
595|92|14|14|13
596|92|15|7|0
596|92|16|7|1
596|92|17|7|2
596|92|18|7|3
596|92|19|7|4
596|92|20|7|5
596|92|21|7|6
596|93|1|11|0
596|93|2|11|1
596|93|3|11|2
596|93|4|11|3
596|93|5|11|4
596|93|6|11|5
596|93|7|11|6
596|93|8|11|7
596|93|9|11|8
596|93|10|11|9
596|93|11|11|10
596|94|1|8|0
596|94|2|8|1
596|94|3|8|2
596|94|4|8|3
596|94|5|8|4
596|94|6|8|5
596|94|7|8|6
596|94|8|8|7
597|95|1|8|0
597|95|2|8|1
597|95|3|8|2
597|95|4|8|3
597|95|5|8|4
597|95|6|8|5
597|95|7|8|6
597|95|8|8|7
597|96|1|19|0
597|96|2|19|1
597|96|3|19|2
597|96|4|19|3
597|96|5|19|4
597|96|6|19|5
597|96|7|19|6
597|96|8|19|7
597|96|9|19|8
597|96|10|19|9
597|96|11|19|10
597|96|12|19|11
597|96|13|19|12
597|96|14|19|13
597|96|15|19|14
597|96|16|19|15
597|96|17|19|16
597|96|18|19|17
597|96|19|19|18
598|97|1|5|0
598|97|2|5|1
598|97|3|5|2
598|97|4|5|3
598|97|5|5|4
598|98|1|7|0
598|98|2|7|1
598|98|3|7|2
598|98|4|7|3
598|98|5|7|4
598|98|6|7|5
598|98|7|7|6
599|98|8|1|0
599|99|1|8|0
599|99|2|8|1
599|99|3|8|2
599|99|4|8|3
599|99|5|8|4
599|99|6|8|5
599|99|7|8|6
599|99|8|8|7
599|100|1|9|0
599|100|2|9|1
599|100|3|9|2
599|100|4|9|3
599|100|5|9|4
599|100|6|9|5
599|100|7|9|6
599|100|8|9|7
599|100|9|9|8
600|100|10|2|0
600|100|11|2|1
600|101|1|11|0
600|101|2|11|1
600|101|3|11|2
600|101|4|11|3
600|101|5|11|4
600|101|6|11|5
600|101|7|11|6
600|101|8|11|7
600|101|9|11|8
600|101|10|11|9
600|101|11|11|10
600|102|1|8|0
600|102|2|8|1
600|102|3|8|2
600|102|4|8|3
600|102|5|8|4
600|102|6|8|5
600|102|7|8|6
600|102|8|8|7
601|103|1|3|0
601|103|2|3|1
601|103|3|3|2
601|104|1|9|0
601|104|2|9|1
601|104|3|9|2
601|104|4|9|3
601|104|5|9|4
601|104|6|9|5
601|104|7|9|6
601|104|8|9|7
601|104|9|9|8
601|105|1|5|0
601|105|2|5|1
601|105|3|5|2
601|105|4|5|3
601|105|5|5|4
602|106|1|4|0
602|106|2|4|1
602|106|3|4|2
602|106|4|4|3
602|107|1|7|0
602|107|2|7|1
602|107|3|7|2
602|107|4|7|3
602|107|5|7|4
602|107|6|7|5
602|107|7|7|6
602|108|1|3|0
602|108|2|3|1
602|108|3|3|2
603|109|1|6|0
603|109|2|6|1
603|109|3|6|2
603|109|4|6|3
603|109|5|6|4
603|109|6|6|5
603|110|1|3|0
603|110|2|3|1
603|110|3|3|2
603|111|1|5|0
603|111|2|5|1
603|111|3|5|2
603|111|4|5|3
603|111|5|5|4
604|112|1|4|0
604|112|2|4|1
604|112|3|4|2
604|112|4|4|3
604|113|1|5|0
604|113|2|5|1
604|113|3|5|2
604|113|4|5|3
604|113|5|5|4
604|114|1|6|0
604|114|2|6|1
604|114|3|6|2
604|114|4|6|3
604|114|5|6|4
604|114|6|6|5